0.0060053
0.0040833
0.020596
0.010495
0.0092839
0.026774
0.060862
0.0036918
0.070598
0.033708
0.0026314
0.019491
0.0042946
0.86097
0.0027922
0.0011658
0.01673
0.0041436
0.0012688
0.51997
0.03802
0.82738
0.07076
0.011587
0.067813
0.00083596
0.0095132
0.0067435
0.023864
0.050467
0.026774
0.036593
0.009683
0.0065632
0.060271
0.010903
0.025944
0.008908
0.0030812
0.40649
0.040891
0.0041652
3.6795
0.0095598
0.067008
0.096072
0.0031943
0.024733
0.00058312
0.0031561
0.010518
0.0038329
0.033541
0.0074756
0.0047481
0.028316
0.043161
0.0066043
0.0041184
0.00069332
0.0072559
0.023118
0.013095
0.86883
0.026719
0.0045266
0.5232
0.01309
0.0042659
0.01102
0.0074785
0.045906
0.0073915
0.0015142
0.026282
0.12047
0.003345
0.0095208
0.00082483
0.005291
0.40732
0.01338
0.010562
0.0043467
0.10747
0.0037727
0.0089092
0.0065651
0.055594
0.0022831
0.050467
0.017507
0.0026023
0.025475
0.023108
0.028313
0.013403
0.0092496
0.011863
0.0041356
0.01429
0.020827
0.095879
0.0012352
0.0099306
0.0051046
0.028304
0.0043762
0.0013237
0.14461
0.25537
0.10529
0.0013628
0.0097057
0.013052
0.020639
0.0071149
0.018218
0.004081
0.0089168
0.0058405
0.0061151
0.0047599
0.02096
0.020667
0.042235
0.00083127
0.07076
0.0011199
0.0047581
0.002453
0.45034
0.031955
0.00082214
0.0012681
0.31492
0.0068952
0.007399
1.1203
0.0065149
0.75679
0.0047323
0.020516
0.01338
0.013039
0.010543
0.011728
0.0023323
0.042307
0.013087
0.013094
0.0012683
0.00064279
0.050467
0.028304
0.000631
0.0031601
0.0062317
0.010079
0.019377
0.033537
0.01335
0.010474
0.012257
0.042486
0.0051878
0.30211
0.042288
0.03082
0.0030595
0.029416
0.015457
0.0039495
0.020636
0.0074491
0.063705
0.173
0.0089021
0.01492
0.22263
0.010488
0.026774
0.014394
0.0013424
0.0080926
0.015524
0.010228
0.73506
0.01296
0.0048423
0.002411
0.011281
0.027224
0.0092276
0.070661
0.0012523
0.018218
0.0038329
0.0070759
0.026824
0.0038329
0.011265
0.0011499
0.0021339
0.0046885
0.022969
0.010824
0.020654
0.0018192
0.022866
0.018496
0.023221
0.031288
0.0076743
0.0040419
0.01338
0.056455
0.0013141
0.00089241
0.0029326
0.0098244
0.0056473
0.0093574
0.0019299
0.0022463
0.012268
0.0089082
0.061377
0.0061629
0.0019402
0.019377
0.020221
0.0066793
1.0611
0.21867
0.031432
0.030508
0.021583
0.24171
0.0082399
0.015446
0.0012653
0.52342
0.016739
0.012249
0.011153
0.01548
0.014124
0.015897
0.00083288
0.042797
0.076687
0.051489
0.0091937
0.019386
0.014956
0.0047659
0.0089067
0.0059488
0.013803
0.0075024
0.0013489
0.0082101
0.14255
0.026774
0.029647
0.027221
0.21442
0.036739
0.096071
0.009367
0.0074666
0.010536
0.050467
0.01539
0.010474
0.0096567
0.027171
0.0044121
0.22981
0.022144
0.018332
0.0027048
0.0096041
0.059639
0.0033536
0.050493
0.0053272
0.0079894
0.15997
0.01338
0.02132
0.013906
0.002453
0.0081421
0.0051295
0.013122
0.055735
0.095985
0.043526
0.14779
0.26437
0.013115
0.0030476
0.011101
0.0048206
0.4744
0.004237
0.0062773
0.00092054
0.0023295
0.00054302
0.78334
0.0053092
0.0041159
0.01504
0.003345
0.011299
0.0089091
0.0054542
0.011939
0.017788
0.059782
0.010244
0.0061852
0.026804
0.0012822
0.011184
0.068921
0.0020321
0.0030826
0.043504
0.0042316
0.067813
0.0028645
0.019521
0.013628
0.0082235
0.071145
0.0090108
0.0089288
0.2604
0.0087212
0.0078792
0.017753
0.046083
0.056509
0.1425
0.024688
0.059433
0.031846
0.0089093
0.0054625
0.016726
0.0032335
0.0020487
0.0067816
0.019377
0.061377
0.012503
0.013058
0.0295
0.0065579
3.6795
0.014617
0.061377
0.027216
0.013013
0.042251
0.013628
0.0089616
0.067687
0.0038329
0.0053338
0.0058405
0.096499
0.0012585
0.016733
0.0030604
0.011277
0.0053671
0.0081929
0.015344
0.013087
0.031827
0.028304
0.59399
0.006436
0.0038329
0.0032392
0.0087033
0.0016589
0.0041268
0.042243
0.010513
0.0084875
0.0020275
0.0027652
0.00092289
0.0033795
0.0061796
0.18923
0.0032876
0.031661
0.0047519
0.73493
0.00092235
0.010317
0.012234
0.0011499
0.013578
0.051437
0.0074442
0.01467
0.0050826
0.048023
0.039642
0.0097219
0.0042869
0.00096978
0.52223
0.0070466
0.040896
0.03802
0.027495
0.013628
0.038257
0.0041786
0.0012937
0.0051581
0.010463
0.0011857
0.01521
0.0029679
0.013469
0.013032
0.003345
0.0032121
0.027013
0.0047699
0.008914
0.43207
0.0047623
0.0070055
0.051299
0.024919
0.0011611
0.0071998
0.0034313
0.018218
0.0028146
0.01338
0.0079171
0.0094085
0.0098353
0.006209
0.01024
0.0015004
0.0064788
0.0042186
0.27064
0.014346
0.013947
0.0089024
0.003345
0.026774
0.0066988
0.010841
0.02497
0.0074089
0.0023785
0.033561
0.013967
0.0078618
0.096072
0.20239
0.0062933
0.0098366
0.0047696
0.0075997
0.008992
0.0039478
0.24071
0.033538
0.58352
0.016478
0.0092459
0.34905
0.0073638
0.014034
0.011206
0.0012538
0.40846
0.60057
0.0025101
0.01338
0.003345
0.0053338
0.034492
0.052008
0.0041389
0.00088204
0.00093499
0.0053338
0.0073329
0.0073566
0.010736
0.10409
0.2714
0.0089093
0.57702
0.061894
0.0074634
0.020625
0.02698
0.013069
0.014266
0.01125
0.033713
0.0072507
0.22184
0.036093
0.00075323
0.011353
0.0011222
0.033258
0.0013815
0.019377
0.012243
0.13016
0.0067608
0.0058761
0.094404
0.0011989
0.023311
0.03599
0.0064545
0.0093439
0.095933
0.0022825
0.030964
0.0049267
0.0030599
0.0013475
0.0019726
0.01521
0.003345
0.11241
0.0037093
0.0011499
0.0017271
0.026686
0.041279
0.024634
0.010822
0.0062683
0.0041327
0.020487
0.010822
0.011435
0.010142
0.030333
0.020002
0.0011499
0.0012695
0.0041117
0.071051
0.14251
0.52954
0.0089093
0.052899
0.023296
0.0073438
1.2717
0.026792
0.010822
0.067813
0.0048682
0.24523
0.020554
0.0011255
0.040885
0.014572
0.01521
0.0029194
0.010513
0.02824
0.054693
0.01209
0.0062553
0.018218
0.027204
0.0098317
0.073949
0.016156
0.67279
0.0040066
0.00054669
0.0027898
0.01533
0.011173
0.015374
0.0046613
0.07076
0.0089093
0.0010344
0.0028068
0.0061311
0.010168
0.00054302
0.026282
0.040884
0.0092555
0.032572
0.25909
0.01832
0.0061775
0.0052747
0.010234
0.012266
0.011303
0.024746
0.0046093
0.0052959
0.060007
0.0078004
0.17252
0.07462
0.0053338
0.0043705
0.0049225
0.0049116
0.032056
0.42501
0.0091893
0.0089093
0.0064282
0.0038329
0.026282
0.00092195
0.00097583
0.0030627
0.00094866
0.010259
0.00079915
0.0020565
0.012268
0.0083137
0.019552
0.013643
0.42305
0.0038329
0.17655
0.0011823
0.0041202
0.0013628
0.00083173
0.027215
0.019851
1.2109
0.0056313
0.038149
0.022837
0.005181
0.0065679
0.0071299
0.012243
0.12797
0.013323
0.21738
0.0064004
0.030701
0.015331
0.010315
0.0058191
0.026863
0.010825
0.012919
0.0063417
0.0072668
0.0067329
0.042548
0.032864
0.010963
0.027338
0.018218
0.016278
0.020907
0.007302
0.092525
0.0041436
0.010508
0.00873
0.010506
0.0013104
0.029706
0.0195
0.0023316
0.13307
0.0043403
0.0040178
0.012718
0.020907
0.0064716
0.036262
0.021203
0.0024375
0.010373
0.00084194
0.0034346
0.0042599
0.027203
0.52467
0.067564
0.021649
0.012998
0.011285
0.0081722
0.067813
0.018707
0.0031368
0.013072
0.0089093
0.0062933
0.026413
0.41579
0.0040872
0.011361
0.0058405
0.0027991
0.0071681
0.013628
0.0047601
0.0011781
0.023085
0.007551
0.019377
0.0019189
0.010672
0.050467
0.00055633
0.045577
0.0025127
0.031296
0.00070668
0.01055
0.010471
0.0013628
0.01301
0.0056608
0.15716
0.010476
0.0088878
0.0012758
0.016731
0.0041795
0.0011926
0.010513
0.0053263
0.026796
0.019039
0.011254
0.0013403
0.0011327
0.03823
0.0062933
0.0040103
0.011706
0.0055122
0.013628
0.0011866
0.01521
0.0077828
0.0043649
0.0030622
0.0012754
0.0073276
0.01541
0.028318
0.012922
0.31232
0.026282
0.0073367
0.0061662
0.002945
0.01123
0.07076
0.006518
0.0053141
0.01029
0.030179
0.0013628
0.23571
0.013628
0.00060101
0.43435
0.062681
0.0089033
0.0036481
0.0011187
0.0059537
0.0042122
0.0052339
0.00476
0.0043334
0.01456
0.0040318
0.010487
0.022696
0.003363
0.04087
0.023242
0.0062933
0.0065088
0.057362
0.015278
0.029571
0.034307
0.39634
0.0085571
0.095965
0.067813
0.0089037
0.0014728
0.0096315
0.0047592
0.006944
0.020077
0.010855
0.035026
1.5264
0.008234
0.033528
0.0055399
0.067813
0.0041309
0.049447
0.0012678
0.0041119
0.008698
0.0015451
0.0088275
0.0018883
0.013213
0.0053338
0.0028595
0.0035039
0.020907
0.012905
0.03198
0.02602
0.80991
0.013713
0.0093681
0.013649
0.018218
0.052263
0.0089452
0.0074705
0.007389
0.0051107
0.14246
0.0013557
0.0065911
0.003345
0.0041845
0.02629
0.014551
0.009683
0.14507
0.018758
0.0039878
0.95414
0.0047309
0.0015229
0.037633
0.29211
0.0098262
0.013094
0.0045406
0.0043609
0.028315
0.0022171
3.6795
0.0065442
0.019429
0.009301
0.010469
0.095959
0.0047593
0.009426
0.071102
0.0023587
0.013307
0.054928
0.010822
0.0011499
0.0073304
0.0042617
0.0023906
0.0073914
0.013034
0.0066123
0.010279
0.01338
0.00062394
0.015459
0.84675
0.0089091
0.016741
0.0062933
0.0016038
0.0012655
0.0041163
0.0047591
0.016275
0.00054302
0.03933
0.038785
0.0006755
0.027188
0.0056608
0.0088008
0.035124
0.056579
0.078645
0.00065033
0.0056608
0.020671
0.0089092
0.0061412
0.0023479
0.14247
0.0072617
1.0237
0.0089045
0.0082636
0.0020153
0.0026569
0.016454
0.055695
0.0072207
0.0013628
0.019377
0.010474
0.061377
0.020707
0.013463
0.00057269
0.0093688
0.059684
0.00617
0.0093975
0.012878
0.0039189
0.010779
0.015247
0.003345
0.046044
0.0066015
0.002516
0.017523
0.027224
0.0027107
0.013129
0.0088353
0.0089093
0.005326
0.0031679
0.002453
0.037842
0.0046179
0.0028017
0.068494
0.020907
0.0038304
0.0047592
0.0089346
0.015495
0.0089089
0.027201
0.020091
0.021823
0.023648
0.0034305
0.0052859
0.0063334
0.0019092
0.076438
0.00096564
0.003345
0.023011
0.022231
0.0041673
0.25325
0.0085667
0.71657
0.0073808
0.050491
0.0011499
0.01307
0.0054278
0.0047047
0.013628
0.02811
0.012243
0.002492
0.0074508
0.024721
0.0036968
0.0096957
0.0028835
0.0027643
0.0056966
0.07076
0.0037808
0.0055247
0.048917
0.0043843
0.0038351
0.0082545
0.0015538
0.60451
0.0038373
0.0041436
0.0041436
0.00060744
0.11394
0.0042078
0.041797
0.00096814
0.014781
0.0073905
0.19658
0.072992
0.031633
0.0035618
0.00054944
0.001992
0.003438
0.010477
0.0012905
0.003061
0.010629
0.15334
0.0011375
0.22071
0.015315
0.013093
0.050478
0.0037865
0.010513
0.013088
0.0087664
0.027981
0.53544
0.013628
0.019436
0.0011939
0.033525
0.020562
0.0041147
0.0067477
0.0055665
0.05106
0.042667
0.0053338
0.13172
0.004934
0.25835
0.055919
0.0089132
0.23924
0.0074806
0.030155
0.013432
0.029111
0.0096883
0.014627
0.041922
0.0034134
0.0031515
0.0054131
0.89983
0.52163
0.0055076
0.0050209
0.0028192
0.0012688
0.018607
0.015857
0.0094195
0.015397
0.033536
0.23655
0.01309
0.050467
0.070966
0.52181
0.012243
0.015445
0.0036608
0.043373
0.0030739
0.096036
0.0085478
0.010456
0.020119
0.010824
0.0016124
0.0024637
0.013628
0.010833
0.0058469
0.004383
0.023715
0.059339
0.002816
0.012948
0.003884
0.0062483
0.010822
0.39176
0.061377
0.027154
0.02984
0.015932
0.026935
0.027224
0.0066455
0.0012639
0.04089
0.0062933
0.15625
0.3454
0.01048
0.0089092
0.026789
0.0087129
0.028304
0.09575
0.17124
0.0055908
0.010264
0.01544
0.026774
0.11634
0.028277
0.055024
0.0073118
0.0093361
0.0009321
0.026846
0.0037415
0.005891
0.018355
0.056187
0.020627
0.0009687
0.14253
0.00092227
0.019377
0.015334
0.012243
0.0011522
0.0065739
0.01925
0.23996
0.0064333
0.96383
0.005296
0.0030663
0.015347
0.01051
0.04028
0.015283
0.002184
0.41515
0.0027627
0.73472
0.00070369
0.017311
0.020906
0.010443
0.021261
0.0011499
0.0011499
0.0081094
0.0090552
0.007427
0.0056496
0.0061943
0.013938
0.0011917
0.004125
0.036692
0.013657
0.0059651
0.010475
0.0069583
0.011202
0.62169
0.026678
0.059909
0.015373
0.037248
0.24908
0.010565
0.028567
0.01521
0.01046
0.011003
0.0034153
0.011272
0.004291
0.0012688
0.0092948
0.0042985
0.0089093
0.035933
0.00054302
0.0012674
0.0070553
0.0082152
0.0046583
0.23284
0.0011499
0.015327
0.045506
0.0089645
0.0013628
0.0078682
0.0058852
0.00061979
0.012925
0.00492
0.0053338
0.0082072
0.0051028
0.046715
0.0041206
0.00092161
0.012551
0.0096908
0.026899
0.0069747
0.41236
0.0038677
0.062517
0.067753
1.1245
0.10025
0.0020565
0.0021849
0.002037
0.00062191
0.006148
0.015327
0.0087487
0.0089092
0.063022
0.0056771
0.0081858
0.0062891
0.00265
0.020676
0.0087419
0.021474
0.074711
0.015329
0.0053332
0.0062933
0.004736
0.0047671
0.01579
0.042108
0.003345
0.010461
0.00092179
0.03022
0.02725
0.0062337
0.0098304
0.0032196
0.012243
0.011192
0.014025
0.01338
0.0012335
0.0026232
0.003345
0.0081475
0.0012688
0.00073033
0.0082554
0.0047584
0.056713
0.16646
0.017358
0.096072
0.010225
0.0036952
0.03824
0.02292
0.01533
0.0096545
0.0013907
0.010855
0.050476
0.0063324
0.0082885
0.00149
0.0082411
0.0095477
0.033326
0.0049133
0.010822
0.30702
0.0053338
0.011453
0.0013628
0.026438
0.0047115
0.0088423
0.013628
0.16795
0.0027641
0.0058405
0.020641
0.020471
0.0093424
0.035681
0.005612
0.030604
0.0087389
0.058959
0.61375
0.0047777
0.01523
0.0031276
0.023191
0.024994
0.015078
0.013628
0.00096729
0.0012945
0.009683
0.0030027
0.0154
0.008646
0.0024405
0.0089017
0.009819
0.0041244
0.0053312
0.0056608
0.082021
0.57393
0.020907
0.010815
0.013954
0.050467
0.0081613
0.010513
0.042277
0.020729
0.015338
0.03802
0.026774
0.010986
0.0096948
0.0047685
0.25513
0.010246
0.21882
0.01338
0.0063606
0.0044599
0.095982
0.01521
0.0069508
0.11307
0.015894
0.15762
0.01537
0.008904
0.03154
0.026784
0.0041149
0.31012
0.027224
0.016638
0.56018
0.0053338
0.050472
0.0089017
0.0011337
0.0089093
0.070929
0.0041473
0.050474
0.0069128
0.0033548
0.010477
0.0008109
0.013882
0.0015959
0.014366
0.18331
0.050467
0.023148
0.03802
0.015989
0.0068079
0.0041316
0.00054302
0.0096999
0.0066507
0.067516
0.002558
0.0039938
0.016608
0.020842
0.0079025
0.0097648
0.01381
0.12009
0.004183
0.011699
0.18544
0.0038915
0.0030756
0.020907
0.0089305
0.009567
0.0013628
0.010513
0.00087068
0.0098258
0.031994
0.0098268
0.0048055
0.010513
0.015865
0.0018991
0.0039314
0.011171
0.0093033
0.010495
0.0012256
0.019377
0.0011499
0.009683
0.012954
0.0025846
0.52293
0.0038329
0.024797
0.0184
0.068345
0.0093759
0.12202
0.0025789
0.0074095
0.012186
0.23932
0.012983
0.0022313
0.0020211
0.0020565
0.0009567
0.026282
0.0056009
0.051124
0.027208
0.015872
0.026324
0.010513
0.0050535
0.018938
0.0063917
0.00061408
0.0058477
0.012855
0.0074874
0.0039705
0.012892
0.040886
0.0043129
0.0022003
0.0073375
0.013628
0.010433
0.0074729
0.038222
0.0058713
0.25458
0.096072
0.018966
0.018218
0.002453
0.010454
0.0051531
0.01338
0.25738
0.020633
0.00054302
0.0062294
0.0015323
0.020907
0.010266
0.013628
0.015757
0.0089092
0.0056817
0.049102
0.037719
0.012348
0.17664
0.03802
0.0020607
0.0028113
0.010407
0.0089093
0.056289
0.0041436
0.0066618
0.0055403
0.0036321
0.0088486
0.0050745
0.0043672
0.013247
0.018218
0.017942
0.0087688
0.0084772
0.04857
0.050328
3.2819
0.023002
0.0050186
0.052677
0.031958
0.003926
0.0054479
0.013628
0.0042487
0.013507
0.010447
0.011261
0.012934
0.0084389
0.012019
0.0023629
0.03358
0.010129
0.01863
0.0022842
0.0013628
0.01597
0.0064901
0.013628
0.0047678
0.0013628
0.003345
0.0052414
0.42941
0.0053121
0.0045039
0.044237
0.0009725
0.026818
0.007119
0.040877
0.010538
0.0097135
0.023322
0.013628
0.0052038
0.023504
0.027042
0.015267
0.0023998
0.0058751
0.010203
0.056499
0.0041917
0.039396
0.14046
0.009683
0.0049128
0.063804
0.0024841
0.0061733
0.14575
0.00090124
0.011467
0.38959
0.0030571
0.014106
0.0012376
0.0046321
0.0029666
0.010824
0.0081139
0.0023178
0.0033897
0.0011788
0.0012055
0.17352
0.014187
0.0093944
0.0039036
0.014409
0.02954
0.0015206
0.0074711
0.015329
0.013334
0.0012643
0.014786
0.010473
0.046188
0.0083378
0.019796
0.004188
0.0085983
0.0027136
0.001302
0.0047581
0.033101
0.042289
0.0013512
0.003997
0.26585
0.31931
0.038013
0.004516
0.028304
0.040549
0.0010565
0.070438
0.00085446
0.20039
0.0038553
0.055975
0.0051712
0.002621
0.23636
0.011315
0.017553
0.015217
0.0009671
0.004493
0.0088163
0.019412
0.031894
0.067813
0.0062686
0.013083
0.010822
0.0012727
0.0047016
0.010513
0.00096886
0.027224
0.0067502
0.038843
0.00057397
0.015329
0.7345
0.00093459
0.00084442
0.010257
0.0022516
0.016725
0.005246
0.013628
0.0039164
0.012806
0.028175
0.33749
0.0054252
0.0052806
0.096072
0.044816
0.0008302
0.031165
0.0035544
0.0073924
0.007418
0.02098
0.24717
0.0096759
0.035489
0.40783
0.056082
0.0052204
0.031866
0.010513
0.0035773
0.067377
0.041016
0.013781
0.0057275
0.0022396
0.91741
0.89456
0.003345
0.0011169
0.0089557
0.0062933
0.0058648
0.024869
0.0034284
0.0082666
0.014099
0.0061017
0.0089093
0.007398
0.00129
0.1692
0.0058405
0.0013673
0.0089687
0.020907
0.00078847
0.0053338
0.0020565
0.010513
0.0097337
0.0047665
0.014877
0.03633
0.0064268
0.055887
0.014122
0.0063219
0.056248
0.03536
0.0009905
0.17925
0.027224
0.020907
0.050493
0.071957
0.010513
0.003345
0.0072739
0.0080354
0.0034363
0.010826
0.0093172
0.23386
0.096072
0.0089815
0.0044375
0.036961
0.0013628
0.020542
0.0020565
0.010513
0.07076
0.0047585
0.00082535
0.21526
0.0060799
0.033547
0.013447
0.037984
0.015326
0.01338
0.16662
0.0064316
0.0029145
0.013086
0.014505
0.0062197
0.0027631
0.07076
0.029787
0.0062823
0.0099056
0.021172
0.0082392
0.0022929
0.0030573
0.001298
0.0020565
0.042055
0.0013216
2.8276
0.010367
0.0089036
0.0032828
0.0013564
0.0073943
0.0053772
0.02678
0.35128
0.007436
0.052615
0.0047126
0.05167
0.016313
0.0039993
0.0061599
0.0089564
0.0069322
0.0053614
0.0038329
0.0014219
0.0089091
0.0572
0.0051912
0.050467
0.0015468
0.0020565
0.14258
0.013136
0.0064519
0.016068
0.0029117
0.0011388
0.033527
0.012266
0.033605
0.050836
0.026623
0.020907
0.096024
0.0022363
0.21199
0.006764
0.58557
0.0022121
0.010822
0.0020565
0.41996
0.01338
0.0036973
0.0086296
0.003345
0.1799
0.0089092
0.0047835
0.0030663
0.0020692
0.009683
0.0013596
0.07768
0.0089402
0.073644
0.038945
0.013017
0.010822
0.020761
0.0013223
0.0074669
0.012849
0.0022403
0.020508
0.010513
0.0041157
0.0015797
0.0075408
0.092005
0.00092674
0.0040407
0.090437
0.0062291
0.0090125
0.026774
0.0089092
0.0038329
0.0075827
0.0046253
0.040911
0.034585
0.019509
0.007456
0.00412
0.0065135
0.0094834
0.002453
0.07076
0.012975
0.015272
0.0074895
0.053686
0.006532
0.03316
0.26341
0.0319
0.0098182
0.52256
0.0058405
0.026282
0.0030574
0.0011499
0.0042843
0.0011499
0.0090139
0.0059293
0.0012847
0.096072
0.0040507
0.0053338
0.0030435
0.096072
0.0068993
0.057073
0.031975
0.0030125
0.0052078
0.013008
0.0010171
0.73529
0.0061687
0.0013188
0.013619
0.055426
0.0037077
0.63744
0.0041606
0.026852
0.019377
0.12085
0.0047596
0.0024153
0.042274
0.015135
0.016728
0.047524
0.020907
0.013672
0.79704
0.020815
0.019377
0.0039606
0.0044472
0.0096114
0.0382
0.0089262
0.0053279
0.009683
0.0084215
0.0027626
0.018765
0.005396
0.0011499
0.0089515
0.010483
0.013654
0.0013398
0.0055203
0.010423
0.0021225
0.0055346
0.006571
0.010848
0.02417
0.044359
0.0030663
0.0052528
0.0061766
0.28413
0.0012836
0.038305
0.0056869
0.05662
0.0012076
0.0030663
0.17174
0.0053257
0.013877
0.1361
0.013664
0.004451
0.0086548
0.0081213
0.92486
0.083683
0.15876
0.004864
0.0013122
0.020767
0.015392
0.016538
0.0030875
0.056333
0.26117
0.004863
0.00094738
0.0013131
0.0042876
0.0038541
0.67973
0.00082337
0.0062411
0.010515
2.2229
0.02861
0.0064929
0.095901
0.0069803
0.0073496
0.0073947
0.013157
0.12906
0.0039093
0.0072159
0.009683
0.0022435
0.00099854
0.00096675
0.0089023
0.019525
0.015419
1.567
0.0042894
0.0091835
0.009209
0.0038329
0.0062872
0.0037514
0.0073898
0.018218
0.0014072
0.0028282
0.0082434
0.018049
0.0041335
0.0041254
0.0064389
0.0089093
0.050467
0.031048
0.0077293
0.036796
0.0041436
0.0011494
0.0041336
0.007394
0.0068346
0.057582
0.0047586
0.013662
0.0011499
0.055809
0.028304
0.0023741
0.032106
0.010873
0.012996
0.12072
0.038247
0.0029747
0.013242
0.0034643
0.0063436
0.0042193
0.0073104
0.0031102
0.022773
0.0053847
0.0015124
0.020937
0.0041436
0.0068283
0.14253
0.040874
0.02202
0.0079626
0.047407
0.020654
0.0045307
0.0030638
0.41822
0.015907
0.0089093
0.0041457
0.0051401
0.026258
0.011313
0.50362
0.0020553
0.0011239
0.025835
0.016872
0.41281
0.0061383
0.019331
0.0053286
0.0042455
0.0082372
0.0052351
0.003345
0.0034078
0.12452
0.0037483
0.59738
0.5244
0.020907
0.0047635
0.0098331
0.0027646
0.007063
0.016739
0.0062364
0.010183
0.001492
0.0019945
0.0089728
0.0053543
0.012827
0.018814
0.01304
0.0053254
0.0081456
0.025509
0.0064469
0.04834
0.012811
0.028324
0.010822
0.25162
0.0015672
0.050467
0.060898
0.010916
0.014363
0.0039824
0.015996
0.010513
0.019433
0.00086955
0.0070319
0.009293
0.0030663
0.40581
0.018218
0.0063492
0.0058405
0.0074994
0.01025
0.0064813
0.0028472
0.003345
0.026282
0.0052274
0.020835
0.050487
0.037829
0.003345
0.0041666
0.0047611
0.016726
0.031869
0.0030663
0.0024484
0.32494
0.006606
0.023277
0.0057384
0.17001
0.079794
0.020661
0.020167
0.071082
0.012939
0.0015244
0.042044
0.050467
0.0030844
0.0013094
0.028304
0.01521
0.011238
0.11044
0.011361
0.0011499
0.056033
0.015388
0.046247
0.022798
0.0016154
0.014316
0.0012688
0.0044202
0.012844
0.0010087
0.0069684
0.045379
0.0047717
0.00092145
0.0061804
0.068702
0.0066262
0.0012704
0.055898
0.07076
0.0075725
0.0047601
0.019377
0.010478
0.0074347
0.77542
0.0056102
0.96217
0.024709
0.026809
0.0020565
0.0081057
0.031962
0.013007
0.0078481
0.0056909
0.001305
0.00927
0.037802
0.0057041
0.0022918
0.049619
0.0075585
0.006774
0.096014
0.003345
0.0022572
0.43368
0.020495
0.0027511
0.014222
0.003833
0.0045339
0.0075031
0.027224
0.019377
0.17144
0.011083
0.0051278
0.0096815
0.010513
0.0078358
0.0031455
0.0027946
0.0033212
0.010503
0.014322
0.0062662
0.34268
0.0031328
0.019377
0.0074987
0.050442
0.012243
0.010822
0.0061832
0.0089093
0.0090203
0.0072426
0.010431
0.011072
0.026827
0.0011434
0.042296
0.011084
0.029447
0.0096967
0.042273
0.015488
0.012805
0.0074745
0.0050074
0.0041436
0.0061639
0.012135
0.095582
0.35194
0.016903
0.23846
0.015357
0.010513
0.020537
0.0063645
0.022767
0.011223
0.0065601
0.017608
0.026774
0.0093522
0.0084085
0.009683
0.0039868
0.0042631
0.0041487
0.0037633
0.0094037
0.0012864
0.0040597
0.02053
0.0093807
0.0053318
0.0082521
0.054409
0.019377
0.030093
0.0051686
0.00096915
0.0056526
0.0041263
0.050467
0.056025
0.04686
0.038216
0.011508
0.0048581
0.0070707
3.6795
0.0017014
0.0749
0.017823
0.0058405
0.033622
0.0063889
0.061231
0.00059027
0.048551
0.019544
0.0073938
0.012773
0.061377
0.65111
0.023028
0.0093311
0.008133
0.0043254
0.050467
0.002656
0.01521
0.0080264
0.0073731
0.017006
0.0063564
0.0042085
0.0016699
0.0012736
0.013286
0.011128
0.014256
0.0011296
0.0037313
0.0029406
0.010465
0.01121
0.039234
0.012266
0.0038079
0.056442
0.010838
0.020137
0.0055968
0.0041976
0.0014988
0.016733
0.005327
0.033032
0.013087
0.64058
0.010707
0.001332
0.012772
0.012243
0.051743
0.0030617
0.010822
0.010607
0.044464
0.0089092
0.0079804
0.043663
0.00054302
0.0089228
0.0051448
0.055673
0.0030584
0.0010926
0.0012147
0.04512
0.010578
0.0095864
0.01048
0.020244
0.049246
0.014237
0.086811
0.010242
0.026545
0.010216
0.00091332
0.0089091
0.0041777
0.022533
0.019377
0.0041006
0.0041154
0.99017
0.026596
0.0027193
0.261
0.026282
0.024753
0.0012688
0.060196
0.0039267
0.045784
0.0043361
0.0027598
0.022846
0.0048497
0.027224
0.096028
0.071713
0.85262
0.070046
0.0034325
0.011246
0.0059195
0.0098164
0.0038447
0.0037123
0.012243
0.013631
0.027862
0.043235
0.00095553
0.014481
0.07076
0.015982
0.028304
0.069544
0.3303
0.010345
0.02333
0.050478
0.0070515
0.0015311
0.013177
0.045992
0.18429
0.020302
0.010513
0.0041436
0.030708
0.004195
0.0089093
0.015988
0.0038329
0.0027647
0.003754
0.034613
0.015708
0.0027886
0.028317
0.0095544
0.0074715
0.013103
0.17783
0.041554
0.0064324
0.012957
0.01338
0.25274
0.0068637
0.061377
0.0030663
0.013074
0.0061294
0.12104
0.0047597
0.032354
0.015564
0.0089093
0.0060533
0.0030639
0.0050772
0.0054003
0.011204
0.0082755
0.0073983
0.0010135
0.0040374
0.0077439
0.021231
0.0072078
0.010568
0.013633
0.58969
0.0020565
0.0039513
0.015476
0.0089297
0.48711
0.0038329
0.041127
0.41927
0.012268
0.17515
0.033755
0.026813
0.0098169
0.050484
0.004122
0.12408
0.010411
0.04076
0.00083484
0.0076969
0.004796
0.0056608
0.015966
0.027468
0.40623
0.015494
0.0038779
0.056529
0.0011499
0.33509
0.0072679
0.015473
0.072313
0.0042939
0.07076
0.010475
0.028806
0.022143
0.54461
0.00094245
0.0048453
0.012245
0.42194
0.003984
0.00099205
0.01521
0.0019357
0.045952
0.0039642
0.089468
0.071195
0.002527
0.01338
0.015143
0.0026913
0.0077682
0.010524
0.014141
0.0074851
0.0089418
0.0071739
0.0096855
0.054831
0.28041
0.0039732
0.1815
0.0026456
0.0051955
0.0020047
0.020629
0.0093154
0.0082419
0.040639
0.015387
0.0092585
0.0088257
0.023767
0.023045
0.03352
0.027191
0.061377
0.01521
0.0062537
0.79882
0.067419
0.0011503
0.16866
0.010405
0.010499
0.056373
0.0058405
0.00056551
0.0067402
0.013981
0.42439
0.061377
0.0074941
0.014968
0.73564
0.039147
0.17739
0.017096
0.010476
0.24844
0.0037049
0.027224
0.020503
0.025136
0.096072
0.03174
0.01309
0.0047268
0.010222
0.003345
0.033648
0.046476
0.0029554
0.010514
0.010642
0.0027621
0.010822
0.0013628
0.0093598
0.0051246
0.01338
0.067813
0.014756
0.0073172
0.00094005
0.052978
0.010827
0.00073754
0.00058011
0.07076
0.012368
0.0065608
0.026361
0.0043494
0.010947
0.0051975
0.015284
0.0018795
0.0019539
0.0054456
0.003345
0.013092
0.0013628
0.0012673
0.00092352
0.0082273
0.010834
0.0081537
0.0034213
0.0039291
0.028314
0.0025897
0.014207
0.0012688
0.02067
0.016813
0.0064079
0.057807
0.014809
0.020929
0.045827
0.00619
0.0027818
0.032429
0.0055604
0.0012732
0.0041544
0.010825
0.015898
0.016742
0.0055867
0.012225
0.24808
0.020576
0.0011499
0.0029002
0.0062933
0.0062578
0.026129
0.0053236
0.004561
0.00096889
0.023947
0.0074496
0.0042769
0.033777
0.032732
0.029092
0.25841
0.018348
0.013561
0.0053338
0.0337
0.00092083
0.0045654
0.013042
0.0090061
0.0089057
0.0093867
0.00092005
0.01521
0.002385
0.037664
0.0030663
0.0089029
3.6795
0.01178
0.00095793
0.010571
0.0012676
0.52399
0.0070417
0.0034383
0.050481
0.0041436
0.0012708
0.028298
0.63608
0.0053266
0.87814
0.0012595
0.010436
0.0044404
0.070821
0.026774
0.005388
0.028315
0.020457
0.067662
0.07076
0.00071805
0.15399
0.004273
0.033538
0.0072824
0.0078824
0.022872
0.12022
0.0033062
0.70828
0.0074386
0.015331
0.0065266
0.061078
0.020794
0.026378
0.3986
0.0072039
0.0037032
0.0095147
0.00064005
0.013124
0.0058392
0.0047722
0.024808
0.01543
0.26199
0.52494
0.00096613
0.015189
0.0013525
0.0020872
0.0072922
0.0089091
0.0033144
0.0027649
0.05771
0.062
0.034776
0.0041231
0.060537
0.039816
0.011472
0.012267
0.0047991
0.01012
0.018593
0.0012481
0.01317
0.011754
0.007238
0.034502
0.0044327
0.01892
0.040899
0.0035339
0.65628
0.00056933
0.015235
0.0041136
0.0056608
0.23052
0.0061889
0.00467
0.002664
0.010489
0.12286
0.026282
0.020907
0.016727
0.00090811
0.10941
0.064318
0.0096482
0.042809
0.00083377
0.0052884
0.0060088
0.28645
0.01674
0.015453
0.050549
0.027194
0.027224
0.0053708
0.0031219
0.00533
0.0038329
0.003059
0.05621
0.00096954
0.096072
0.0051603
0.013475
0.00095303
0.01872
0.0081704
0.0027398
0.0042822
0.049775
0.048224
0.0056608
0.010442
0.0055948
0.0013701
0.0040025
0.043945
0.0030663
0.0042583
0.010351
0.044586
0.018185
0.01532
0.0027627
0.003345
0.0058405
0.033314
0.003368
0.0092433
0.20876
0.033519
0.013099
0.00096962
0.0062933
0.0027334
0.011896
0.002052
0.096072
0.0089456
0.0049305
0.20565
0.044924
0.009683
0.0024665
0.74658
0.01521
0.01573
0.026855
0.012243
0.010822
0.0070337
0.046428
0.0013829
0.17566
0.0064587
0.57856
0.026774
0.0030663
0.024305
0.0047849
0.0063689
0.041654
0.012835
0.0041424
0.00084994
0.0093809
0.0025554
0.0062933
0.026698
0.0024697
0.37639
0.014507
0.045602
0.096072
0.0051178
0.0031757
0.020606
0.040873
0.01191
0.0099432
0.067124
0.12019
0.0081643
0.40457
0.0051089
0.069057
0.046399
0.25983
0.015954
0.00082669
0.034759
0.053384
0.003394
0.0096988
0.0066933
0.0097161
0.0022825
0.01994
0.007395
0.003518
0.0045903
0.015885
0.0019124
0.053185
0.0048184
0.020475
0.0041436
0.0013623
0.067312
0.0082488
0.006886
1.1637
0.069256
0.0089153
0.003185
0.24971
0.055933
0.0068168
0.029329
0.050267
0.042248
0.010847
0.0062908
0.010474
0.032363
0.025587
0.01297
0.00098453
0.018218
0.013278
0.028304
0.0011465
0.0058405
0.22194
0.022994
0.010267
0.003187
0.24689
0.019625
0.0054642
0.009161
0.0096856
0.0009769
0.0058405
0.00094468
0.030928
0.0083723
0.0053032
0.30446
0.0005856
0.0013297
0.0034108
0.0011763
0.04174
0.003345
0.0074519
0.013139
0.028304
0.033631
0.0010003
0.012784
0.0062933
0.0069344
0.016848
0.020775
2.341
0.028304
0.033562
0.0012688
0.070836
0.02714
0.010853
0.0036993
0.040907
0.7342
0.061473
0.030747
0.0065798
0.003429
0.062876
0.0012663
0.87204
0.023349
0.22519
0.019741
0.0014904
0.027423
0.017066
0.0047647
0.0065485
0.026774
0.041241
0.011195
0.040902
0.061377
0.00086115
0.019377
0.0043204
0.033542
0.047504
0.013678
0.0052368
0.0061873
0.027133
0.002453
0.0047595
0.0086419
0.0041146
0.69869
0.0026071
0.0062185
0.0081336
0.028834
0.0019316
0.0041436
0.020741
0.056402
0.010044
0.73298
0.0030579
0.034156
0.013909
0.0097025
0.0041436
0.037745
0.10828
0.050467
0.16146
0.026774
0.0062511
0.97863
0.010237
0.01083
0.024026
0.013131
0.0068275
0.80422
0.0088633
0.048355
0.40773
0.045913
0.00082507
0.020907
0.011412
0.0065345
0.070444
0.018148
0.0038329
0.096072
0.020665
0.012793
0.01079
0.27264
0.0041178
0.0022209
0.0013628
0.059521
0.058922
0.0020642
0.007505
0.015366
0.010482
0.005515
0.010261
0.0015034
0.0061976
0.0084712
0.043091
0.0054602
0.067813
0.0056608
0.013003
2.8064
0.0073589
0.040897
0.003345
0.009683
0.002762
0.03802
0.038045
0.012265
0.0074114
0.0065699
0.0043971
0.031944
0.0053338
0.0020565
0.030661
0.0037402
0.095808
0.067354
0.01116
0.0021277
0.024776
0.52053
0.0087895
0.012266
0.26004
0.27654
0.0015007
0.0027859
0.018365
0.0093563
0.002453
0.0046026
0.0011499
0.2241
0.0049896
0.010479
0.013628
0.013628
0.014175
0.0097998
0.00085862
0.0012688
0.076019
0.042252
0.07076
0.011236
0.013656
0.00433
0.080082
0.016734
0.0027444
0.0096934
0.0028882
0.038089
0.0050493
0.010513
0.0097819
0.046323
0.0051721
0.027224
0.0030371
0.0044868
0.023181
0.1486
0.0047937
0.26528
0.026819
0.096072
0.018298
0.037873
0.067813
0.01533
0.055539
0.1426
0.015328
0.0012637
0.020895
0.005633
0.0050402
0.010859
0.00082699
0.22357
0.0041436
0.0028543
0.0012688
0.0022937
0.052034
0.0097412
0.00055962
0.52199
0.010474
0.042859
0.0036988
0.015626
0.00056825
0.0050969
0.013628
0.010511
0.02722
3.6795
0.0021452
0.015996
0.70258
0.0028219
0.0042239
0.012414
0.012315
0.041879
0.029173
0.009612
0.25905
0.026505
0.00095383
0.03802
0.049398
0.0034358
0.038179
0.0056242
0.0014926
0.050734
0.0030634
0.0079463
0.015305
0.0089526
0.0019633
0.0056608
0.010513
0.011452
0.0067095
0.53341
0.012251
0.065754
0.067096
0.014961
0.0058659
0.0096699
0.013628
0.026774
0.0056263
0.067192
0.003345
0.0038488
0.0094485
0.0056556
0.011971
0.002772
0.0074685
0.026849
0.0011014
0.054222
0.026848
0.012654
0.0090673
0.0013355
0.012992
0.0010469
0.062267
0.78792
0.024812
0.0061915
0.0086399
0.061377
0.010548
0.022439
0.03842
0.0042045
0.0091647
0.0062465
0.013628
0.0049099
0.00082615
0.0057007
0.013088
0.0065634
0.4138
0.026765
1.0319
0.0062811
0.0049088
0.014162
0.0010406
0.020662
0.48151
0.040083
0.056518
0.012268
0.01049
0.0082439
0.00096999
0.003065
0.0030663
0.0011428
0.0012688
0.0062933
0.012243
0.0041121
0.0019174
0.0082627
0.0026329
0.0091285
0.012243
0.028309
0.006404
0.030901
0.010329
0.010838
0.0029781
0.0012649
0.012243
0.0029841
0.010558
0.003345
0.013628
0.0023111
0.013628
0.00457
0.003001
0.0027636
0.0097076
0.0089672
0.002631
0.00088097
0.0074152
0.0012444
0.12033
0.067425
0.009023
0.0026531
0.0097504
0.27434
0.0051339
0.0089093
0.73337
0.037896
0.01231
0.002841
0.010481
0.059563
0.011243
0.042335
0.033021
0.012243
0.012689
0.0095437
0.010492
0.067613
0.5236
0.0042173
0.040879
0.0046442
0.03802
0.0085125
0.52206
0.022093
0.021908
0.01673
0.00092444
0.0011772
0.02294
0.0074286
0.0011704
0.010023
0.0063013
0.24628
0.046156
0.47982
0.13269
0.013236
0.07309
0.0047376
0.027195
0.0060446
0.0089185
0.0027372
0.0025492
0.75958
0.012966
0.0037277
0.014423
0.013666
0.043046
0.003345
0.070943
0.013091
0.015329
0.024794
0.064086
0.05001
0.020618
0.026358
0.026774
0.0033078
0.0065869
0.0054114
0.010624
0.16394
0.0049398
0.38574
0.0042308
0.0013642
0.0054298
0.014937
0.011049
0.0041436
0.00083364
0.0074307
0.0014292
0.0061495
0.13011
0.27357
0.0074377
0.03803
0.0037734
0.011461
0.0015091
0.027928
0.043389
0.0058957
0.013005
0.011225
0.010927
0.0028923
0.004255
0.0054024
0.076128
0.031099
0.015095
0.14248
0.0011584
0.019377
0.00092102
0.032272
0.003694
0.22649
0.023061
0.050467
0.45565
0.0053294
0.006236
0.0041301
0.054718
0.096072
0.0037938
0.14258
0.00092321
0.0089093
0.002453
0.02343
0.012243
0.029747
0.059373
0.0013966
0.01593
0.010539
0.17493
0.006429
0.0047693
0.0019837
1.174
0.00097407
0.01516
0.0064445
0.0090096
0.05596
0.73244
0.01309
0.0011106
0.0023545
0.0024148
0.013628
0.027735
0.012528
0.0008305
0.14251
0.0040684
0.01697
0.00056187
0.022417
0.26671
0.027074
0.0021746
0.0066184
0.03357
0.013628
0.0020819
0.0074459
0.0013628
0.0231
0.0062933
0.027817
1.4306
0.0052248
0.015298
0.0076134
0.01674
0.069498
0.028447
0.46585
0.00063275
0.0058597
0.0030649
0.0020565
3.6795
0.017798
0.012447
0.007589
0.0056608
0.0030677
0.73165
0.24391
0.0010577
0.015212
0.0010696
0.0051888
0.0078073
0.029076
0.0061912
0.0011499
0.033233
0.015638
0.015166
0.04735
0.026395
0.0052479
0.0053328
0.0073692
0.0042812
0.0090006
0.01822
0.0065948
0.00095963
1.1525
0.024737
0.24748
0.010513
0.011303
0.042959
0.020057
0.0031057
0.003435
0.0064693
0.0020565
0.0080853
0.0093248
0.009683
0.0089093
0.020658
0.0057947
0.009683
0.026282
0.21976
0.020907
0.0075003
0.0020565
0.003797
0.0074121
0.009683
0.011286
0.0043469
0.0054213
0.0040618
0.69634
0.0012269
0.0031977
0.01612
0.0049611
0.0018466
0.01521
0.0012191
0.024363
0.030207
0.0054851
0.016519
0.0048124
0.017349
0.0093087
0.021492
0.039579
0.05527
0.0074311
0.067032
0.03468
0.0066085
0.024697
0.26054
0.0063678
0.0025648
0.0095088
0.0056696
0.0038329
0.00903
0.0042889
0.001267
0.0022849
0.0029899
0.022825
0.0042809
0.037854
0.0071862
0.019391
0.015151
0.011477
0.014238
0.0008765
0.015328
0.0062933
0.033543
0.0047158
0.0049325
0.0034374
0.027211
0.0028278
0.0060815
0.0034343
0.0033368
0.020387
0.0087251
0.003345
0.010156
0.0015162
0.013599
0.40595
0.03314
0.035636
0.0047703
0.0031822
0.0052708
0.00092243
0.067813
0.69197
0.088699
0.05677
0.07076
0.026894
0.0026992
0.0041436
0.0036962
3.6795
0.0037831
0.0031809
0.014649
0.038079
0.012243
0.0057603
0.050486
0.018133
0.0074045
0.01535
0.12141
0.0025181
0.0032459
0.00096751
0.44634
0.73357
0.013091
0.0089109
0.0095353
0.010507
0.027295
0.0030339
0.00092385
0.010529
0.0076183
0.002453
0.0032156
0.019377
0.73154
0.30878
0.015703
0.016574
0.0034271
0.21792
0.0011545
0.0042679
0.009812
0.013485
0.015775
0.0012688
0.020865
0.0042737
0.033732
0.0011533
0.028348
0.0054437
0.0089093
0.0034324
0.0049365
0.0088097
0.00082207
0.011278
0.0032967
0.00096784
0.050467
0.012259
0.0071812
0.0044626
0.0073921
0.067813
0.0089093
0.010378
0.03369
0.0051992
1.1121
0.015277
0.012339
0.0022253
0.0022944
0.0053338
0.06823
0.058797
0.0027698
0.0060137
0.0088205
0.023082
0.0093728
0.0065652
0.022803
0.02228
0.36412
0.023474
0.052471
0.027206
0.015307
0.0010186
0.010863
0.067813
0.0042429
0.0008389
0.050481
0.010479
0.0089093
0.0047194
0.013139
0.010514
0.0047543
0.050467
0.0074423
0.035431
0.015434
0.0052021
0.0049231
0.0062077
0.045868
0.011335
0.0061952
0.0013481
0.0081953
0.0067983
0.026774
0.013527
0.00054302
0.07076
0.0056608
0.0031496
0.0012814
0.021726
0.002765
0.031707
0.015484
0.0047596
0.0048549
0.0058812
0.07085
0.012265
0.020753
0.0012642
0.0088926
0.015501
0.010477
0.0089093
0.004764
0.14736
0.0030686
0.012258
0.00644
0.049863
0.0092741
0.19184
0.008047
0.010852
0.0018741
0.0012783
0.018486
0.015331
0.0065605
0.096072
0.0043178
0.080422
0.018101
0.0087341
0.0090043
0.002618
0.05498
0.0022682
0.0098178
0.013675
0.028428
0.12159
0.0098199
0.0014406
0.62321
0.010509
0.026736
0.0041753
0.012243
0.028304
0.0062788
0.013728
0.0034262
0.18113
0.01207
0.075324
0.024001
0.013089
0.0051788
0.01338
0.003345
0.23766
0.73404
0.045807
0.0020565
0.056419
0.0082695
0.0048265
0.0074064
3.6795
0.056053
0.14281
0.0090762
0.0042104
0.0080609
0.0033696
0.10136
0.01521
0.27677
0.0023401
0.0041436
0.0013386
0.0010111
0.012261
0.01375
0.020907
0.0056608
0.011322
0.0089092
0.026926
0.0089539
0.26996
0.0017583
0.0041436
0.033532
0.0012421
0.1913
0.019375
0.011191
0.0041048
0.0029801
0.22991
0.010055
0.019485
0.015369
0.011489
0.0036909
0.084795
0.003345
0.0047453
1.3308
0.042308
0.041405
0.0073902
0.02656
0.0037057
0.0058405
0.61187
0.0012671
0.0058533
0.023246
0.045331
0.018265
0.0047178
0.01453
0.003138
0.25086
0.0090823
0.032806
0.0073945
0.013055
0.0037068
0.018218
0.0062806
0.0026202
0.018218
0.0046951
0.01185
0.028319
0.0076802
0.33829
0.0028854
0.0010107
0.008903
0.042237
0.0024036
0.033529
0.0072295
0.0093391
0.001191
0.0052325
0.0018595
0.021872
0.049041
0.012943
0.020907
0.010521
0.010527
0.075665
0.0012682
0.0027995
0.0012097
0.018218
0.0073549
0.067333
0.00092127
0.010398
0.0055458
0.012284
0.010285
0.014382
0.0037898
0.015941
0.067813
0.01226
0.061377
0.021933
0.008935
0.14618
0.0089091
0.010441
0.0017688
0.035852
0.00092297
0.03802
0.0058859
0.002453
0.012267
0.0009682
0.010476
0.0032744
0.014136
0.013628
0.0043536
0.0011565
0.056169
0.010063
0.0060952
0.00096391
0.012441
0.019202
0.00075056
0.018534
0.0047657
0.015862
0.0049501
0.0031663
0.81769
0.010822
0.050467
0.022781
0.0059787
0.0088079
0.042268
0.028751
0.0078398
0.017596
0.0094989
0.37295
0.010367
0.00054302
0.1777
0.0040934
0.30344
0.9728
0.0039657
0.031173
0.013628
0.0090972
0.0045847
0.010249
0.0013628
0.0024505
0.005336
0.00098809
0.00815
0.018585
0.069423
0.015449
0.013091
0.0049559
0.14245
0.013535
0.0093468
0.01338
0.010836
0.043574
0.013368
0.01521
0.6456
0.12779
0.013143
0.0026553
0.0061864
0.0027257
0.004916
0.36587
0.0064143
0.40541
0.24233
0.0026432
0.0011272
0.067533
0.018776
0.030623
0.004152
0.004839
0.0074244
0.067813
0.010513
0.0016498
0.0038329
0.018468
0.042383
0.040339
0.0056608
0.02062
0.90682
0.014725
0.47032
0.0090323
0.010856
0.027224
0.0081525
0.012686
0.026774
0.0030962
0.00054302
0.0065857
0.0098334
0.0015193
0.024789
0.005333
0.021302
0.027224
0.0030663
0.00092462
0.0039678
0.027198
0.0026371
0.067813
0.70435
0.067076
0.042246
0.0052313
0.0042818
0.003263
0.007497
0.045682
0.013628
0.0022892
0.0087781
0.0042926
0.0041292
0.0064351
0.003345
0.020644
0.0053338
0.020648
0.0097019
0.012952
0.096047
0.027207
0.27375
0.0042872
0.22726
0.056353
0.020637
0.010555
0.064644
0.0049917
0.012863
0.001268
0.0062933
0.0013928
0.0027637
0.0074867
0.0094859
0.0075039
0.007328
0.042281
0.040915
0.0045503
0.0050897
0.082439
0.029028
0.00086727
0.25135
0.010416
0.046099
0.042261
0.0031012
0.0014793
0.010498
0.011267
0.0041363
0.010227
0.013524
0.0050905
0.091774
0.018218
0.0074737
0.012247
0.096072
0.010839
0.0093989
0.028554
0.0072951
0.52101
0.0052282
0.010843
0.056216
0.0012659
0.73326
0.0061738
0.01338
0.3584
0.0050933
0.022958
0.0039115
0.0077586
0.026282
0.01521
0.0065822
0.0018233
0.0062933
0.049902
0.0073717
0.002453
0.011967
0.059965
0.01765
0.045199
0.028317
0.014293
0.0019501
0.0073039
0.013539
0.001884
0.014429
0.0026479
0.0018564
0.026785
0.010463
0.0042785
0.019108
0.04595
0.07076
3.6795
0.22568
0.01191
0.013111
0.012256
0.0024875
0.0036161
0.003253
0.01083
0.066923
0.0047683
0.032195
0.12166
0.21844
0.2887
0.0092166
1.1376
0.0058405
0.028311
0.00082394
0.006244
0.047771
0.0094008
0.0027691
0.0073891
0.010807
0.0096416
0.0011512
0.026282
0.0073918
0.046067
0.0058911
0.0094019
0.0031888
0.011499
0.012266
0.024042
0.015226
0.33371
0.011628
0.0072754
0.0096077
0.095971
0.002453
0.023068
0.01521
0.0049419
0.025557
0.0015133
0.0047714
0.0087872
0.015359
0.0081284
0.010496
0.015405
0.006561
0.028304
0.0062933
0.01338
0.0025604
0.060401
0.01338
0.015464
0.0073968
0.14262
0.010274
0.0014047
0.027192
0.22844
0.033526
0.0063776
0.0089149
0.013091
0.73553
0.0072401
0.0012656
0.028941
0.0062244
0.040993
0.0040242
0.00061134
0.020631
0.0074009
0.017153
0.0050692
0.34293
0.026282
0.014998
0.005763
0.017717
0.0014704
0.0084974
0.60812
0.16731
0.25897
0.042303
0.14251
0.0012688
0.017442
0.012764
0.0043574
0.005492
0.0066197
0.003392
0.0012126
0.0033761
0.0047591
0.00558
0.018218
0.0028973
0.01325
0.036503
0.016742
0.05047
0.024897
0.01521
0.013569
0.0033804
0.0060027
0.021774
0.026774
0.015023
0.011387
0.003345
0.17413
0.01338
0.070344
0.018346
0.015342
0.0011499
0.0041436
0.0074651
0.00054302
0.0069671
0.0056608
0.025149
0.001801
0.0030184
0.0053308
0.0089146
0.002453
0.003345
0.031875
3.6795
0.0082471
0.0090646
0.013024
0.0045109
0.0027625
0.14247
0.0013732
0.54333
0.030003
0.013452
0.013128
0.0041183
0.0009236
0.0062006
0.0098224
0.0093276
0.51914
0.0082322
0.018437
0.032523
0.0074752
0.0060296
0.015658
0.073869
0.015118
0.040896
0.033521
0.73223
0.01521
0.015006
0.018916
0.0038198
0.0087075
0.0064498
0.050467
0.0077156
0.0012461
0.0051896
0.020682
0.0022922
0.0031097
0.013092
0.037672
0.19585
0.011539
0.015964
0.050467
0.015957
0.008995
0.1498
0.25614
0.0041413
0.018218
0.0030663
0.01367
0.0051575
0.027213
2.1615
0.045695
0.0092529
0.024119
0.022928
0.067449
0.0037
0.0037108
0.014992
0.096072
0.0066211
0.0009701
0.0069278
0.0034046
0.21678
0.015541
0.0007779
0.0062039
0.0081663
0.03491
0.018237
0.0030619
0.0022986
0.026282
0.0042024
0.010513
0.0013523
0.23453
0.00082853
0.028304
0.0061715
0.011522
0.020907
0.022974
0.015216
0.0013628
0.0046871
0.0098252
0.0033252
0.015938
0.51949
0.01533
0.011306
0.0089092
0.0016281
0.024828
0.00057678
0.0087044
0.0038329
0.040904
0.004168
0.0027656
0.0053453
0.0042635
0.00055426
0.0012661
0.0012046
0.0093638
0.020263
0.0044028
0.0013005
0.0047583
0.032308
0.054169
0.0038329
0.011178
0.0030581
0.07076
0.003073
0.01379
0.027704
0.007491
0.0041536
0.061377
0.016623
0.004296
0.042266
0.0282
0.0064452
0.008158
0.0082484
0.0011725
0.019153
0.042282
0.0023659
0.072861
0.0037097
0.011814
0.02706
0.0014497
0.01946
0.0023353
0.096072
0.011227
0.020657
0.0061812
0.065416
0.018317
0.0089752
0.01817
0.003475
0.0034186
0.012268
0.0088731
0.002453
0.020634
0.0027623
0.0065598
0.40111
1.4567
0.008894
0.0059069
0.03372
0.00097802
0.0095826
0.0064492
0.0054799
0.0012341
0.01208
0.012243
0.0038329
0.0025223
0.0012687
0.018326
0.021541
0.014444
0.018218
0.050467
0.050482
0.0021178
0.0093903
0.011318
0.0046136
0.020907
0.0073969
0.0082515
0.0041067
0.40929
0.028157
0.91426
0.025208
0.0027281
0.52557
0.057005
0.010513
0.067813
0.055482
0.28071
0.010513
0.01719
0.070865
0.055079
0.035226
0.0041291
0.010822
0.0022963
0.012243
0.0058405
0.0089093
0.018218
0.0026831
0.003345
0.0030944
0.0096647
0.026175
0.0023489
0.013154
0.0034022
0.0088509
0.0031125
0.25782
0.043821
0.013628
0.010395
0.071179
0.0091717
0.0025057
0.0012658
0.02264
0.013637
0.0065391
0.031225
0.0013284
0.020431
0.026829
0.027211
0.1425
0.0018678
0.32618
0.0042534
0.0025295
0.0042792
0.2595
0.0092663
0.0056608
0.015327
0.0022612
0.012268
0.010563
0.010996
0.0015266
0.033576
0.0023601
0.24461
0.010832
0.0021519
0.0029637
0.0051194
0.0093895
0.013158
1.0447
0.0098293
0.01435
0.052383
0.045793
0.012269
0.0056608
0.0034268
0.21389
0.015415
0.00096064
0.0082015
0.035538
0.051615
0.012723
0.012268
0.01338
0.03255
0.061377
0.020039
0.41891
0.0056534
0.0086841
0.01808
0.56843
0.012243
0.01521
0.0020565
0.006197
0.02536
0.033535
0.037954
0.015361
0.0026511
0.056415
0.03773
0.045063
0.0030629
0.12131
0.0024189
0.0042916
0.00099411
0.029903
0.0049482
0.004938
0.047585
0.3707
0.010829
0.52477
0.0377
0.0093057
0.0041726
0.2611
0.0030319
0.0096974
0.029374
0.002453
0.012125
0.0092321
0.013438
0.25929
0.0026185
0.011213
0.0062401
0.060458
0.0034278
0.00097871
0.0080936
0.054868
0.03802
0.012245
0.027129
0.027224
0.085379
0.0061883
0.030789
0.0027814
0.0089425
0.0049982
0.011545
0.0067685
0.0065692
0.0042158
0.26814
0.0011667
0.0035987
0.0042201
0.0066776
0.010822
0.009683
0.0041189
0.012391
0.0031651
0.013628
0.003345
0.002453
0.0020565
0.037762
0.0092623
0.73368
0.013197
0.037963
0.041184
0.0012319
0.0013628
0.011635
0.013159
0.026774
0.028873
0.0052509
0.0082654
0.002291
0.0062386
0.045987
0.2903
0.51942
0.033551
0.0058058
0.0058405
0.042756
0.005264
0.010844
0.001346
0.015011
0.024715
0.027797
0.28122
0.010683
0.010476
0.024806
0.0090289
0.012208
0.013046
0.013693
0.0041436
0.002287
0.0078574
0.0014942
0.061377
0.0091751
0.013089
0.24566
0.022862
0.055364
0.0012868
0.0074396
0.033663
0.050469
0.019592
0.0041436
0.030277
0.071552
0.067738
0.033524
0.0094176
0.0032065
0.066615
0.011324
0.01338
0.0059447
0.074286
0.010479
0.024713
0.00092273
0.0030663
0.009683
0.0071422
0.0022949
0.061377
0.0074528
0.011376
0.066504
0.0019023
0.0088832
0.011338
0.0038601
0.024785
0.0062052
0.0058368
0.012269
0.045465
0.013086
0.1209
0.013659
0.035796
0.0013417
0.028318
0.015499
0.59125
0.01521
0.028318
0.027224
0.020907
0.07076
0.010766
0.046782
0.0018645
0.013088
0.010862
0.019377
0.0024944
0.0058783
0.0146
0.0089092
0.41765
0.066224
0.0011631
0.050467
0.0041281
0.0037244
0.002179
0.0039466
0.013628
0.20097
0.026299
0.010822
0.010522
0.04087
0.0061428
0.0062933
1.6676
0.0042858
0.019377
0.018608
0.0032367
0.0073236
0.013628
0.013514
0.026915
0.019398
0.0082375
0.0030663
0.0089093
0.48805
0.019084
0.0025514
0.0012991
0.001925
0.061377
0.0089873
0.0061042
0.13953
0.028324
0.010452
0.001337
0.018856
0.0074965
0.056162
0.0011589
0.0028428
0.019377
0.0062106
0.0012451
0.61651
0.015509
0.40553
0.027219
0.096072
0.00090364
0.0042924
0.0014597
0.026988
0.006437
0.0064864
0.0041188
0.011724
0.0024612
0.0054954
0.12124
0.033524
0.0051477
0.015462
0.021683
0.061377
0.25021
0.034255
0.013064
0.0032044
0.055949
0.25974
0.0040215
0.028304
0.27758
0.16326
0.0014021
0.02531
0.0024832
0.024668
0.013087
0.026791
0.010605
0.0040972
0.0053582
0.19305
0.14254
1.7126
0.0038427
0.0013268
0.0027216
0.017957
0.001357
0.061377
0.026533
0.015722
0.0064519
0.022304
0.11999
0.00059629
0.031915
0.013668
0.071173
0.014657
0.0047599
0.0037192
0.0065939
0.020646
0.01119
0.038236
0.048929
0.10329
0.056471
0.22884
0.0073346
0.009596
0.46712
0.010465
0.001238
0.050471
0.0058405
0.010822
0.0043547
0.012196
0.028464
0.02137
0.1656
0.0064845
0.0025724
0.021087
0.0037595
0.24434
0.0053338
0.003345
0.042995
0.01338
0.0093329
0.013739
0.0090181
0.0027635
0.0096363
0.0049373
0.022816
0.013736
0.0095808
0.027197
0.011841
0.0090078
0.038263
0.0030796
0.02169
0.0012224
0.042157
0.0097537
0.0038158
0.16601
0.14246
0.21915
0.19502
0.282
0.041058
0.0071958
0.4364
0.0042931
0.002453
0.011196
0.0049452
0.0015087
0.01085
0.0024386
0.0070151
0.27117
0.0057831
0.014021
0.013628
0.22034
0.88682
0.010446
0.010845
0.010493
0.015336
0.00091727
0.066934
0.0062067
0.0044763
0.22364
0.015802
0.020468
0.0097723
0.0011499
0.0011166
0.012243
0.033519
0.0065667
0.064794
0.009002
0.0064466
0.016738
0.02052
0.010296
0.010835
0.010703
0.028304
0.0015105
0.012255
0.10664
0.026836
0.0058405
0.0064043
0.0065783
0.0022548
0.0011379
0.031936
0.019495
0.037689
0.0045077
0.014471
0.0053338
0.012254
0.041701
0.17612
0.0063162
0.12356
0.0026168
0.03802
0.0065641
0.00088676
0.0056608
0.0091025
0.013118
0.0013628
0.019377
0.071118
0.0050554
0.0079409
0.0093542
0.0052776
0.031203
0.00096737
0.02721
0.034126
0.021622
0.0022944
0.0054452
0.011584
0.034022
0.096072
0.1377
0.32099
0.036117
0.0013628
0.0013205
0.014521
0.0024671
0.0039006
0.0013309
0.0039629
0.00092787
0.012269
0.071128
0.07076
0.0089048
0.2165
0.022547
0.0089091
0.0051499
0.0097278
0.011244
0.018892
0.0086334
0.01148
0.0093876
0.0021708
0.046643
0.076883
0.0027506
0.0031529
0.027224
0.0014301
0.048818
0.0010993
0.027088
0.0025707
0.0010243
0.021522
0.045885
0.0093298
0.0020068
0.056432
0.015326
0.0014645
0.0049145
0.022906
0.15121
0.0037454
0.0041443
0.00092399
0.0079913
2.4384
0.0048779
0.0011887
0.007133
0.023794
0.0040963
0.0041929
0.071019
0.0037101
0.0065299
0.0030663
0.045873
0.46263
0.0089093
0.0089093
0.0052222
0.004118
0.2536
0.12536
0.0013628
0.0049297
0.010828
0.027224
0.019897
0.10724
0.0011077
0.0071056
0.095813
0.0030663
0.00079667
0.011232
0.0054975
0.011771
0.022785
0.0027084
0.041646
0.0052084
0.0073004
0.039885
0.0023943
0.0042132
0.003345
0.048758
0.0041436
0.0056608
0.022185
0.020206
0.012266
0.085949
0.0042882
0.40442
0.0051918
0.024823
0.010846
0.013092
0.0072898
0.0037008
0.25603
0.022386
0.069726
0.013628
0.0096978
0.0035392
0.0011416
0.018218
0.0174
0.024232
0.026834
0.1671
0.015328
0.056346
0.99711
0.038104
0.00093055
0.018375
0.00534
0.0038581
0.070977
0.070923
0.015394
0.0092804
0.29923
0.015324
0.060775
0.00063816
0.009683
0.011615
0.0066579
0.01024
0.033725
0.0097071
0.027224
0.00099777
0.34688
0.73309
0.071008
0.14257
0.001534
0.40419
0.095869
0.0062933
0.0086371
0.0013628
0.0056608
0.0041531
0.0073753
0.21812
0.0051432
0.0085812
0.024549
0.010834
0.49972
0.0045411
0.0098069
0.00096791
0.025793
0.004316
0.12887
0.18838
0.00096859
0.0020565
0.010857
0.0068198
0.012253
0.010308
0.85449
0.0056608
0.016729
0.014221
0.003882
0.013388
0.016738
0.070756
0.066974
0.015347
0.026774
0.026774
0.0089212
0.0030663
0.0077501
0.023843
0.04478
0.015903
0.061377
0.0041872
0.003885
0.0061938
0.010649
0.12062
0.12167
0.061377
0.0010052
0.0036221
0.020629
0.0058405
0.0005628
0.0089591
0.0034232
0.015909
0.0041396
0.002606
0.044046
3.6795
0.0041125
0.17822
0.19353
0.0068118
1.0531
0.0097192
0.009738
0.37507
0.0025906
0.010553
0.015468
0.0089055
0.0061252
0.005242
0.0026947
0.0011686
0.012267
0.012962
0.0070374
0.0075079
1.0204
0.011042
0.018002
0.012382
0.0086527
0.031929
0.009708
0.00092137
0.016362
0.0094945
0.033545
0.033451
0.0031768
0.0057711
0.010458
0.028636
0.0054259
0.0070588
0.0012009
0.0093956
0.0063233
0.0071031
0.0060989
0.061349
0.0097043
0.017022
0.0077761
0.008755
0.0012947
0.010255
0.0054997
0.036384
0.011665
0.0024897
0.00092311
0.0041894
0.00092205
0.017663
0.010971
0.020907
0.037241
0.020549
0.0041128
0.0023699
0.0047664
0.028307
0.0013166
0.043772
0.018293
0.027903
0.0041436
0.013931
0.013185
0.026635
0.033539
0.0012133
0.067813
0.0058405
0.26072
0.021388
0.0075278
0.006328
0.07106
0.015437
0.024755
0.0073977
0.0062933
0.0066973
0.010449
0.0049186
0.048667
0.009683
0.021044
0.0091323
0.0069556
0.061377
0.026282
0.01598
0.020641
0.0010781
0.015555
0.0083992
0.40697
0.0033296
0.028392
0.003163
0.029619
0.016862
0.052808
0.001272
0.0057446
0.042294
0.14133
0.015585
0.0013628
0.012248
0.0060646
0.003256
0.0058405
0.04567
0.022984
0.3623
0.010236
0.0049279
0.012519
0.0012799
0.05613
0.022946
0.0069225
0.03802
0.033533
0.013107
0.013628
0.002774
0.0050347
0.027093
0.017274
0.010822
0.12092
0.017574
0.01212
0.010513
0.21706
0.0024981
0.0049756
0.0089048
0.018218
0.0050259
0.0069952
0.00083097
0.0023514
0.40374
0.0052179
0.0089267
0.032229
0.0093595
0.032981
0.0056608
0.0055758
0.010822
0.0010744
0.0052054
0.06714
0.29565
0.016743
0.0062145
0.010822
0.093069
0.0063154
0.0011157
0.055123
0.01085
0.00060314
0.046286
0.12127
0.038112
0.02703
0.0043792
0.026774
0.0054325
0.029152
0.25942
0.026798
0.012819
0.015293
0.40691
0.060097
0.0056608
0.041463
0.0099222
0.0064536
0.033517
0.0012688
0.011297
0.020907
0.012046
0.0091231
0.002453
0.012151
0.031853
0.0058405
0.008922
0.027205
0.27887
0.019344
3.6795
0.0030653
0.0052002
0.028325
0.012265
0.040853
0.013093
0.01533
0.0038105
0.011832
0.0089093
0.026774
0.0079695
0.0054395
0.0022494
0.018648
0.050468
0.013652
0.0064307
0.0074979
0.014305
0.075456
0.0021648
0.050479
0.07076
0.067813
0.0047582
0.009319
0.013846
0.0093102
0.0052623
0.048204
0.0049429
0.0089245
0.01587
0.0065235
0.004519
0.0086172
0.037768
0.0034289
0.012243
0.0029568
0.016222
0.009694
0.0010825
0.0092133
0.033666
0.055904
0.016239
0.0073957
0.010754
0.021143
0.011441
0.012243
0.010497
0.0053803
0.027224
0.016009
0.0058111
0.03108
0.010005
0.0056076
0.005613
0.0067959
0.010238
0.14249
0.0074834
0.09986
0.024482
0.015382
0.0030921
0.0095686
0.0048291
0.017172
0.047445
0.012674
0.022827
1.3862
0.027565
0.0024446
0.037809
0.018218
0.049704
0.005201
0.010828
0.00054302
0.013134
0.26632
0.018279
0.24958
0.0081386
0.010665
0.095872
0.0030598
0.0026276
0.047181
0.01086
0.0082472
0.0049788
0.0044084
0.026665
0.053851
0.01338
0.001359
0.020546
0.044141
0.0085234
0.013628
0.007667
0.019406
0.002849
0.0019867
0.0023424
0.06598
0.0015178
0.017417
0.0052116
0.015292
0.016792
0.0038329
0.027224
0.010572
0.15436
0.0056597
0.0011974
0.0029428
0.022795
0.010827
0.032926
0.0045787
0.027224
0.0031224
0.010822
0.026282
0.008262
0.015331
0.12029
0.013146
0.02924
0.0025354
0.00082789
0.0042968
0.019377
0.0042071
0.0053315
0.096011
0.0042953
0.0008062
0.0024591
0.0042388
0.0031037
0.026605
0.002813
0.013679
0.0047669
0.012252
0.0087442
0.0035158
0.020649
0.031066
0.0044568
0.015961
0.012248
0.0044719
0.01524
0.0030631
0.0030663
0.0029595
0.0041194
0.26126
0.011555
0.022899
0.0047432
0.038184
0.019377
0.0093836
0.00096271
0.0086611
0.25304
0.0089076
0.0071616
0.011311
0.0054187
0.0062256
0.0026382
0.045438
0.016729
0.0066819
0.0025811
0.40659
0.014763
0.026282
1.7935
0.022735
0.027224
0.013419
0.010256
0.00066707
0.017453
0.02648
0.016677
0.0067038
0.018984
0.2279
0.0091148
0.0022301
0.0079719
0.010831
0.011185
0.017545
0.003956
0.023019
0.0026102
0.026282
0.013066
0.0074599
0.0020565
0.026774
0.042279
0.0066347
0.014312
0.033526
0.010513
0.00091101
0.01338
0.026807
0.0064241
0.028304
0.011158
0.023603
0.010823
0.013628
0.067153
0.0012688
0.073681
0.009479
0.011409
0.0019573
0.0060849
0.0039891
0.0053293
0.0061671
0.029817
0.014088
0.0028685
0.0049174
0.00066958
0.006549
0.010481
0.028304
0.010387
0.0042753
0.028963
0.067813
0.070793
0.02736
0.02257
0.0033976
3.5973
0.0033196
0.001224
0.002453
0.0053325
0.30118
0.016204
0.010694
0.009683
0.027676
0.015058
0.0089935
0.0012368
0.01338
0.0034565
0.0081114
0.015948
0.012612
0.033657
0.00097135
0.010362
0.0073252
0.0036813
0.012009
0.029214
0.0053304
0.0096924
0.003345
0.004761
0.20325
0.0052296
0.021848
0.0015686
0.015646
0.031557
0.019516
0.01338
0.0023003
0.028104
0.00611
0.002453
0.0024089
0.011166
0.13844
0.045006
0.075294
0.0068894
0.0041345
0.0014511
0.0045021
0.0089093
0.0033602
0.0034913
0.0008738
0.026843
0.0033474
0.0066873
0.55088
0.0061702
0.0044989
0.013646
0.011166
0.056035
0.0061844
0.01425
0.015506
0.00054302
0.52409
0.007457
0.0054756
0.014329
0.025232
0.01582
0.03802
0.015329
0.0034367
0.0015271
0.070804
0.021275
0.52087
0.00083533
0.0078884
0.061377
0.013628
0.49799
0.01225
0.002765
0.0063824
0.0014808
0.044428
0.026903
0.0064504
0.020907
0.0094338
0.01525
0.0043064
0.019765
0.003345
0.0050133
0.031679
0.033674
0.018218
0.03025
0.0067229
0.081013
0.0029932
1.9327
0.007023
0.0047722
0.0011951
0.0062564
0.01727
0.02831
0.0041376
0.009122
0.027107
0.0097811
0.020748
0.20667
0.0013451
0.014387
0.029263
0.012177
0.015974
0.12171
0.44232
0.024739
0.0012688
0.0073501
0.026282
0.010861
0.01083
0.050157
0.014696
0.015352
0.0031009
0.0093746
0.0065644
0.004158
0.0024247
0.0043091
0.0030986
0.081272
0.010883
0.0062946
0.020446
0.0047624
0.002453
3.6795
0.0028699
0.095818
0.0030226
0.0089062
0.0011499
0.038407
0.013628
0.0013628
0.020907
0.01415
0.012886
0.0035965
0.22713
0.0053528
0.0067166
0.0062933
0.028072
0.0047749
0.0044845
0.040872
0.0053273
0.51798
0.0026522
0.010956
0.071205
0.028312
0.019377
0.0071774
0.0016838
0.0080029
0.93967
0.0089276
0.037945
0.017766
0.056262
0.097394
0.003345
0.00092408
0.029717
0.014374
0.0061787
0.0046984
0.07076
0.03802
0.0074188
0.0095994
0.0022802
0.026576
0.058428
0.0047642
0.01073
0.0049742
0.0070262
0.0009886
0.40514
0.21127
0.028018
0.0013571
0.034362
0.0024209
0.029234
0.0058405
0.010483
1.0698
0.0022202
0.052187
0.061377
0.0040145
0.0096787
0.0048944
0.0056608
0.020907
0.014402
0.0089092
0.0097112
0.41475
0.014735
0.095837
0.0053632
0.0064386
0.0013628
0.0013628
0.0056193
0.0047594
0.011343
0.40645
0.002453
0.0097005
0.017137
0.0034175
0.73483
0.0027638
0.0041163
0.0058131
0.010512
0.0060472
0.03102
0.06993
0.0019694
0.012986
0.011402
0.0064362
0.013628
0.05048
0.021064
0.0047053
0.0068011
0.0052063
0.0023229
0.0062933
0.020591
0.028304
0.0026779
0.0056608
0.52528
0.0065411
0.09589
0.004402
0.019652
0.050467
0.0091112
0.0047588
0.031854
0.0024243
0.40494
0.001217
0.015328
0.0041139
0.027202
0.00096551
0.002189
0.0031185
0.041786
0.072427
0.0090783
0.01464
0.0053974
0.57305
0.0030658
0.011882
0.070952
0.026282
0.042925
0.0098222
0.01306
0.0092779
0.067813
0.00061656
0.045644
0.0026358
0.018233
0.003345
0.25888
0.0023558
0.0089051
0.0041856
0.0089115
0.055178
0.013142
0.0016793
0.025621
0.024504
0.067775
0.14675
0.017839
0.4224
0.011218
0.069688
0.018567
0.0082566
0.010347
0.001288
0.021121
0.42411
0.00082869
0.011398
0.0025864
0.013256
0.0014361
0.00096529
0.003875
0.26227
0.01498
0.018218
0.002382
0.030348
0.027224
0.0024436
0.31125
0.0023934
0.0053338
0.00059169
0.00089586
0.0011347
0.0014157
0.009684
0.20395
0.01088
0.0013066
0.0025993
0.0064343
0.024702
0.026282
0.0353
0.03802
0.013628
0.0049438
0.013642
0.0098278
0.012243
0.027224
0.061377
0.0029954
0.0031351
0.0011266
0.07076
0.0053498
0.0064406
0.0061862
0.0030592
0.0030661
0.01675
0.0058405
0.0035275
0.0074849
1.0896
0.0088763
0.010862
0.0039135
0.040521
0.0030663
0.0041215
0.0099753
0.0057879
0.037703
0.0013628
0.0098085
0.0082509
0.0019465
0.024692
0.0092743
0.0056382
0.0041174
0.016727
0.0089092
0.061377
0.012797
0.0047405
0.73392
0.011198
0.0066142
0.0043015
0.0038329
0.033686
0.064903
0.0093622
0.069157
0.034045
0.042232
0.043457
0.026282
0.027224
0.00096648
0.00705
0.013105
0.55361
0.89272
0.057309
0.0081038
0.58153
0.013557
0.0062933
0.010616
0.027277
1.2258
0.0074831
0.0089479
0.0013539
0.015329
0.0032936
0.001129
0.042239
0.003345
0.018445
0.015797
0.0013493
0.00088423
0.04226
0.0022522
0.008988
0.26045
0.0089987
0.72743
0.030952
0.018278
0.0064237
0.0072122
0.0062933
0.00096157
0.0081995
0.045657
0.0082424
0.04773
0.0010871
0.0062933
0.014386
0.03778
0.031614
0.042258
0.74392
0.0067837
0.009683
0.03353
0.015433
0.0011186
0.0072126
0.015361
0.027193
0.027892
0.083309
0.0043041
0.050467
0.00065343
0.010826
0.013628
0.0013606
0.0042469
0.0053251
0.028502
0.060953
0.048457
0.0073871
0.010243
0.0053276
0.010837
0.019549
0.0056206
0.31416
0.0037139
0.0012686
0.0047677
0.0095358
0.0069833
0.0041401
0.018242
0.003345
0.0041764
0.003938
0.03817
0.003345
0.14252
0.001007
0.011373
0.00091991
0.27818
0.01118
0.5482
0.020572
0.0071855
0.0049576
0.065158
0.019198
0.0011457
0.0087851
0.68563
0.0030566
0.013089
0.0089207
0.024217
0.0041436
0.012099
0.031889
0.0012208
0.0075067
0.0099483
0.0029481
0.050604
0.0010845
0.0030141
0.00428
0.018308
0.015028
0.0012834
0.0083417
0.0013628
0.054504
0.018218
0.026774
0.045842
0.0062516
0.013631
0.0070983
0.028304
0.14893
0.0066105
0.040893
0.0042976
0.016411
0.0042839
0.055998
0.00092262
0.0070829
0.0011648
0.069123
0.046124
0.012705
0.067813
0.0013628
0.013351
0.031991
0.0047584
0.096058
0.009241
0.0059003
0.0047211
0.0063514
0.002453
0.019539
0.0011499
0.0061538
0.01052
0.096072
0.0013391
0.0012625
0.002453
0.012915
0.037649
0.0041127
0.0042402
0.0096846
0.0059118
0.01521
0.0089093
0.01225
0.0089087
0.26015
0.0027629
0.0011551
0.0093846
0.0087745
0.0088578
0.0018822
0.009683
0.033531
0.016736
0.002453
0.00054302
0.013628
0.02841
0.027191
0.03802
0.044933
0.839
0.0031781
0.0065205
0.93632
0.0089026
0.26872
0.43145
0.01026
0.0098344
0.0055574
0.03802
0.0009234
0.040908
0.0024757
0.0091781
0.001355
0.0037062
0.00083241
0.49427
0.009683
0.0041732
0.07076
0.00096681
0.011687
0.045743
0.0047351
0.009683
0.051905
0.021115
1.1457
0.0074324
0.027224
0.011012
0.0027652
0.050489
0.010428
0.047614
0.73287
0.0090238
0.0059952
0.0047707
0.0012641
0.002672
0.0074537
0.098561
0.009831
0.0020459
0.026462
0.73966
0.014372
0.018218
0.04705
0.026337
0.028667
0.028304
0.027196
0.012984
0.0053338
0.26315
0.0041691
0.0018969
0.0056034
0.055852
0.013628
0.006264
0.020479
0.037911
0.0059608
0.0023273
0.013824
0.015176
0.0048833
0.0055877
0.054462
0.003345
0.016338
0.23314
0.0053204
0.026745
0.0031158
0.0064564
0.013628
0.0080899
0.0012664
0.12067
0.03821
0.0022333
0.00093297
0.15004
0.14247
0.0013883
0.0033386
0.013863
0.0022025
0.0063113
0.056298
0.010482
0.059766
0.004892
0.042285
0.0030663
0.40386
0.0012688
0.07076
0.01199
0.0027642
0.0037039
0.020664
0.019377
0.012244
0.003432
0.070885
0.0073424
0.013411
0.012949
0.0034416
0.0092053
0.0030663
0.0041427
0.072685
0.0041436
0.010596
0.0059057
0.0056608
0.003361
0.010837
0.0010145
0.0089205
0.0095275
0.15216
0.0060215
0.010421
0.14261
0.038024
0.025732
0.51132
0.0065563
0.014274
0.010106
0.0089701
0.0018928
0.026511
0.0087956
0.020907
0.01434
0.38373
0.0018753
0.019722
0.45908
0.0060715
0.018218
0.003345
0.0047582
0.0070849
0.047963
0.01308
0.003345
0.0010439
0.019681
0.0013628
0.0049824
0.028322
0.095914
0.011676
0.0011736
0.004124
0.014297
0.078457
0.01292
0.014052
0.013628
0.0043276
0.0042701
0.022704
0.013341
0.2374
0.0023016
0.0010381
0.013086
0.0089093
0.0020565
0.0020408
0.0054375
0.0026591
0.030816
0.02831
0.0045474
0.00092422
0.01698
0.0047654
0.02206
0.056227
0.026831
0.096072
0.003345
0.022334
0.0010512
0.0010225
0.0090195
0.0053338
0.014818
0.002453
0.023157
0.018218
0.038147
0.028732
0.0056363
0.0022979
0.029478
0.03948
0.0024048
0.009683
0.0007681
0.024816
0.0089717
0.012031
0.0049031
0.026447
0.0053338
0.02081
0.0030603
0.0038718
0.40878
0.0075145
0.040878
0.003345
0.010822
0.0089664
0.0026811
0.0013582
0.014195
0.015838
0.044309
0.009094
0.038035
0.00082989
0.028304
0.0089009
0.0042031
0.030461
0.0030663
0.010265
0.0021108
0.66148
0.003345
0.05686
0.01521
0.55889
0.005927
0.0094368
0.050483
0.0089737
0.010652
0.25808
0.010863
0.001095
0.067813
0.008907
0.001525
0.013628
0.0059707
0.026645
0.01338
0.0065847
0.0064725
0.0053902
0.0038329
0.121
0.36818
0.021985
0.0097362
0.060146
0.026963
0.0089123
0.0028182
0.0061679
0.0081915
0.020642
0.0021483
0.075772
0.026282
0.0058681
0.010822
0.025677
0.0083832
0.01338
0.0056608
0.0041571
0.0086244
0.0082207
0.0037367
0.0022645
0.010851
0.0025755
0.015652
0.002823
0.037978
0.0012688
0.012259
0.0089188
0.019702
0.0087992
0.011787
0.050492
0.0061514
0.0035498
0.0161
0.012967
0.01521
0.032144
0.0013036
0.0094621
0.0066389
0.0011478
0.0012688
0.0074239
0.0013535
0.001854
0.0082284
0.054029
0.0098205
0.020803
0.028305
0.09585
0.26
0.0058405
0.02988
0.0042898
0.03802
0.015341
0.032842
0.0020565
0.0028034
0.4051
0.0023061
0.0041352
0.029616
0.0033998
0.0061462
0.5059
0.0024178
0.003345
0.003345
0.011151
0.0054356
0.0030892
0.071236
0.061185
0.043842
0.018683
0.0054711
0.020857
0.0012519
0.02985
0.056151
0.013628
0.056379
0.0081868
0.00229
0.0059235
0.0034386
0.0064479
0.009683
0.09424
0.0022785
0.25853
0.0058981
0.021421
0.01826
0.0012154
0.011211
0.07076
0.017247
0.045706
0.0053564
0.42649
0.52033
0.013301
0.0053841
0.0019635
0.67628
0.0038329
0.066339
0.0021974
0.21725
0.016737
0.0093126
0.010444
0.041102
0.0043758
0.04012
0.0055626
0.020568
0.026097
0.020652
0.018304
0.011531
0.0054384
0.12108
0.0067186
0.028311
0.0038394
0.037186
0.0043911
0.01056
0.51435
0.0020012
0.0097059
0.020608
0.0073909
0.010233
0.0053176
0.0065967
0.04091
0.0063022
0.028321
0.014894
0.009683
0.061126
0.0030663
0.0033846
0.0025778
0.070767
0.0033883
0.016124
0.0073972
0.010426
0.015771
0.009683
0.061041
0.023262
0.013709
0.070134
3.6795
0.0096282
0.027048
0.028991
0.015329
0.013025
0.010481
0.0099587
0.027164
0.0045973
0.76231
0.003345
0.010038
0.01521
0.012469
0.0074764
0.0023993
0.0089655
0.0030784
0.0022976
0.009308
0.0060917
0.03802
0.056062
0.00071157
0.0038929
0.07076
0.010455
0.018426
0.0073631
0.0073158
0.0055266
0.022811
0.012268
0.006612
0.0025688
0.05836
0.026222
0.012109
0.0019145
0.0012688
0.010478
0.0028792
0.025989
0.001695
0.0031896
0.012837
0.0053338
0.0059409
0.0020752
0.0027644
0.0028525
0.041474
0.0023204
0.020698
0.0093941
0.0023839
0.0012622
0.0025024
0.012256
0.00083237
0.04954
0.013628
0.015425
0.0039779
0.004283
0.0096426
0.0096716
0.0048037
0.12001
0.026948
0.046011
0.010822
0.14255
0.020581
0.0021116
0.036412
0.0058405
0.0034283
0.065912
0.01521
0.038591
0.0097745
0.0061724
0.015694
0.0011499
0.0024068
0.027224
0.056016
0.056279
0.056328
0.0031705
0.010439
0.0097303
0.03364
0.02832
0.0025051
0.013628
0.020668
0.0053338
0.0049317
0.0042863
0.0050301
0.049353
0.0021537
0.029775
0.0056608
0.00060454
0.4261
0.067646
0.056077
0.0061756
0.0092295
0.006272
0.0041592
0.038712
0.0071529
0.012263
0.03802
0.0030663
0.0065614
0.0065804
0.0030566
0.0041436
0.033518
0.0047885
0.002763
0.005393
0.01305
0.0050026
0.14254
0.0041436
0.0012647
0.031946
0.75237
0.013311
0.0062933
0.00066078
0.0013628
0.067813
0.0047631
0.0030657
0.40612
0.034228
0.51009
0.013146
0.090924
0.010513
0.25462
0.01069
0.52013
0.0027671
0.01348
0.0029509
0.015327
0.010847
0.0042507
0.16536
0.017974
0.023903
0.00098281
0.0079536
0.0053743
0.01483
0.002288
0.0062933
0.002009
0.0029362
0.2318
0.0152
0.0020565
0.050467
0.24781
0.47104
0.0076511
0.010501
0.019135
0.014279
0.0074592
0.010835
0.024436
3.0267
0.0030643
0.0188
0.0056608
0.0074132
0.0080142
0.059859
0.014927
0.013996
0.0055845
0.0071356
0.02681
0.012874
0.0068788
0.013092
0.0112
0.0010719
0.0046528
0.0038468
0.016736
0.028326
0.045262
0.002644
0.007402
0.0074512
0.0062933
0.030073
0.038005
0.0068696
0.0074796
0.042219
0.016731
0.0061238
0.81486
0.0011566
0.0057113
0.12139
0.096072
0.031908
0.044658
0.0021631
0.0098036
0.002453
0.003345
0.015253
0.010246
0.0086762
0.010822
0.01338
0.0074023
0.0061779
0.037919
0.72139
0.14401
0.026483
0.62988
0.040876
0.013588
0.033629
0.010491
0.031476
0.096072
0.0057569
0.014006
0.0023964
1.7619
0.0055816
0.015327
0.020721
0.01338
0.023171
0.029308
0.006027
0.0014252
0.055946
0.013102
0.028309
0.0089577
0.013855
0.024381
0.0053261
0.006987
0.028304
0.0094033
0.031843
0.0089093
0.0096885
0.29457
0.0056161
0.0089234
0.0039448
0.023226
0.0028317
0.0038026
0.033613
0.013663
0.0059997
0.009828
0.008159
0.012781
0.00092039
0.0187
0.038141
0.042009
0.012243
0.03188
0.0013628
0.095944
0.055969
0.036033
0.013628
0.0042414
0.0062233
0.0020339
0.0075017
0.031939
0.40745
0.0086902
0.018257
0.013975
0.22027
0.015236
0.026282
0.014302
1.4681
0.73272
0.04452
0.031863
0.0079365
0.0088807
0.016734
0.0089091
0.018218
0.050467
0.00622
0.016171
0.010532
0.0093698
0.03354
0.0031581
0.061377
0.0064428
0.0018952
0.047295
0.0053335
0.0048805
0.010668
0.0070663
0.015067
0.0093795
0.06985
0.070908
0.0062933
0.0096867
0.015378
0.0089955
0.0031149
0.0022855
0.029407
0.011654
0.009683
0.0012287
0.010822
0.0053049
0.0073778
0.036826
0.020907
0.0022818
0.017104
0.0038329
0.003345
0.020907
0.73386
0.020907
0.0063935
0.003345
0.0054303
0.0092071
0.25939
0.0055338
0.01291
0.0053298
0.00090732
0.17329
0.0038329
0.069316
0.084634
0.014076
0.0025184
0.01521
0.016946
0.07076
0.003345
0.015312
0.0082603
0.0061198
0.018245
0.066868
0.018218
0.11561
0.0038329
0.0047437
0.053241
0.0093216
0.1426
0.0040455
0.0027633
0.0033658
0.071877
0.0053282
0.016741
0.0012295
0.2609
0.05599
0.013094
0.027224
0.010449
0.0082588
0.0092648
0.010841
0.0039537
0.033544
0.52069
0.00096578
0.05648
0.058215
0.010559
0.01521
0.13498
0.0029297
0.0056649
0.25417
0.0097467
0.014287
0.003345
0.0011685
0.013126
0.015328
0.02066
0.028009
0.0059097
0.002702
0.0058405
0.22146
0.012486
0.0026235
0.073295
0.40486
0.01547
0.0060935
0.0075091
0.40761
0.003345
0.063188
0.021018
0.0036981
0.040883
0.0012554
0.010504
0.095943
0.0041112
0.0065682
0.0056453
0.004758
0.0012688
1.244
0.21775
0.013088
0.048093
0.0020782
0.006963
0.013583
0.0053338
0.016737
0.039215
0.0013628
0.010513
0.0038329
0.0041436
0.0089075
0.03802
0.0018768
0.020341
0.0019957
0.0014187
0.0062604
0.0098234
0.056199
0.0096351
0.01589
0.01303
0.010839
0.0012671
0.0033828
0.027216
0.0029717
0.008053
0.015366
0.003345
0.0024293
0.044054
0.0052677
0.0058248
0.0024345
0.042426
0.010553
0.0089092
0.016469
0.26085
0.008462
0.019423
0.011293
0.037022
0.050477
0.026314
0.0023156
0.063422
0.0034303
0.0065889
0.0065915
0.0054663
0.025703
0.0046241
0.012243
0.00058825
0.015408
0.0101
3.6795
0.07076
0.0034599
0.013396
0.0089093
0.027224
0.41039
0.0042257
0.026426
0.056238
0.0022879
0.0058614
0.14257
0.0041407
0.0074061
0.019377
0.0098371
0.011163
0.026282
0.031376
0.16825
0.027224
0.028715
0.038131
0.0043728
0.0052149
0.0027647
0.0015062
0.12301
0.10452
0.12617
0.013037
0.52546
0.024578
0.0030278
0.01025
0.038191
0.0055685
0.0053338
0.0027408
0.0094286
0.0039415
0.14259
0.0013628
0.01521
0.31716
0.0022836
0.0008228
0.050485
0.0044275
0.0044806
0.0037116
0.12077
0.0041131
0.5228
0.0022725
0.01521
0.0071718
0.06556
0.0051855
0.13221
0.012747
0.25829
0.0038329
0.0089392
0.0048999
0.004925
0.012266
0.026282
0.40534
0.0007683
0.019476
0.0061995
0.0058405
0.0024334
0.013089
0.0066313
0.0013178
0.058566
0.09592
0.013653
0.013604
0.0052992
0.0020565
0.0062127
0.05004
0.0041963
0.0052261
0.0085696
0.0082957
0.0034041
0.73518
0.031833
0.0038051
0.017867
0.0093345
0.003824
0.022362
0.027202
0.0061576
0.005639
0.040869
0.015925
0.012946
0.037829
0.031502
0.0073928
0.004016
0.00093788
0.0011499
0.0041559
0.059501
0.010355
0.0056608
0.0038329
0.010822
0.0074694
0.075009
0.012162
0.023132
0.0028248
0.26033
0.0027475
0.004594
0.007396
0.0053338
0.0030663
0.016031
0.010836
0.019471
0.027006
0.012166
0.016582
0.03353
0.0050435
0.0086581
0.0062919
0.019007
0.00082319
0.0033745
0.010451
0.0062177
0.010222
0.0012688
0.015331
0.060743
0.0031317
0.033843
0.003345
0.031965
0.006992
0.0093924
0.0059758
0.0090441
0.0096901
0.026774
1.6076
0.020702
0.012866
0.015221
0.023412
0.0051354
0.00054302
0.0030663
0.56474
0.028304
0.4399
0.0041273
0.01432
0.0070963
0.0065618
0.0034334
0.0068652
0.0083294
0.0027564
0.27549
0.0089094
0.0059029
0.0012436
0.0058405
0.0081263
0.0027851
0.0089093
0.011329
0.0044191
0.010232
0.0067902
0.038162
0.027759
0.0012491
0.0013768
0.008771
0.0013347
0.0011306
0.0020565
0.0029089
0.0011962
0.022891
0.068651
0.25056
0.0074816
0.0055181
0.11707
0.005916
0.020907
0.004295
0.0042094
0.0089093
0.0021247
0.0081785
0.07741
0.0090624
0.006573
0.01298
0.026759
0.013628
0.0020565
0.43253
0.33216
0.0020969
0.011169
0.42799
0.0011406
0.006648
0.71224
1.5813
0.42871
0.0089093
0.0096183
0.0019513
0.010432
0.00096663
0.008231
0.0065663
0.0040725
0.008761
0.21943
0.009561
0.037447
0.0034293
0.0068579
0.014435
0.004763
0.016377
0.029669
0.0092231
0.0022158
0.018546
0.0012927
0.016732
0.22297
0.038167
0.050488
0.00092106
0.0020565
0.026815
0.003345
0.018371
0.00068004
0.0098481
0.0089063
0.027213
0.010822
0.0026131
0.027113
0.012269
0.037611
0.015327
0.15517
0.013426
0.050483
0.10095
0.014013
0.019377
0.008982
0.009683
0.00093853
0.033523
0.011422
0.044401
0.011181
0.0071963
0.022961
0.067813
0.0032987
0.031835
0.0044462
0.010716
0.019461
3.1339
0.0093768
0.0089981
0.0062757
0.0082675
0.017487
0.011138
0.22219
0.0038522
0.011417
0.0065685
0.0049412
0.0053338
0.0025092
0.0042139
0.0016353
0.0041598
0.0029273
0.0049654
0.01001
0.013628
0.017216
0.00092192
0.0036923
0.0089497
0.020452
0.07076
0.0023135
0.0073963
0.0030663
0.0074583
0.0089859
0.52145
0.010513
0.037329
0.022666
0.014108
0.00099624
0.034435
0.0054338
0.0012404
0.047005
0.0031643
0.002141
0.0019812
0.0053479
0.020883
0.73219
0.010853
0.056049
0.019063
0.0012604
0.0090268
0.064396
0.0030094
0.050475
0.0095059
0.003345
0.0041819
0.0081434
0.00071973
0.033522
0.057519
0.0094535
0.14249
0.0047598
0.0025283
0.0065702
0.0088157
0.37921
0.0012956
0.011053
0.17884
0.0056424
1.3066
0.0090164
0.010336
0.0049969
0.03802
0.012266
0.0054878
0.0090868
0.0039209
0.010171
0.0014852
0.40723
0.0034262
0.0025328
0.0026704
0.016912
0.73447
0.060318
0.0043928
0.037548
0.52112
0.0015052
0.0062347
1.8351
0.022844
0.0013025
0.065151
0.00093584
0.026774
0.010338
0.010858
0.0022954
0.0079057
0.0013628
0.0034363
2.556
0.40351
0.0013335
0.0030663
0.096072
0.009744
0.25224
0.0015216
0.01585
0.0054838
0.018561
0.0011602
0.00092545
0.0094727
0.037934
0.09586
0.0026343
0.0010199
0.038085
0.0070121
0.0012024
0.001171
0.0027634
0.0071095
0.0032782
0.0046752
0.0009589
0.027224
0.054078
0.0067564
0.010513
0.0041631
0.00094028
0.033737
0.0072462
0.033931
0.007391
0.010291
0.039757
0.0053288
0.02929
0.0088689
0.050469
0.012243
0.0064292
0.0065628
0.0060684
0.022256
0.067813
0.03802
0.0026248
0.060603
0.012762
0.028313
0.0015072
0.0087526
0.005477
0.0050857
0.0025954
0.031761
0.0053338
0.0047087
0.005261
0.48364
0.0065991
1.8803
0.0041433
0.0036854
0.01549
0.0069995
0.0036958
0.012727
0.019445
0.061712
0.38779
0.21986
0.0031439
0.001123
0.02544
0.032673
0.01338
0.18608
0.16016
0.041598
0.14328
0.029352
0.0045583
0.0013628
0.0054575
0.008076
0.010756
0.00701
0.010502
0.002627
0.00096927
0.0013465
0.010475
0.067201
0.010503
0.0898
0.037996
0.0011829
0.0012805
0.0012792
0.012265
0.042184
0.019274
0.038071
0.01338
0.0081887
0.0034316
0.0026618
0.0054413
0.024822
0.0071647
0.04315
0.018288
0.22326
0.0026671
0.0042156
0.041218
0.01322
0.0031421
0.0081973
0.0072266
0.0012968
0.026282
0.013628
0.01072
0.08282
0.23119
0.012644
0.027224
0.015671
0.0012325
0.00095155
0.0053305
0.021441
0.0024309
0.20934
0.31825
0.038118
0.1526
0.003434
0.015377
0.14259
0.0089092
0.01671
0.01023
0.0012668
0.014949
0.01129
0.0023876
0.00094393
0.0024928
0.031926
0.012243
0.0061355
0.0090527
0.010429
0.019442
0.4951
0.012553
0.0097619
0.56784
0.026774
0.0012688
0.0036069
0.0232
0.0032254
0.011259
0.0026292
0.010849
0.002453
0.0054498
0.0041745
0.0094465
0.01103
0.0080645
0.0095251
0.2596
0.0074892
0.050467
0.0024812
0.099537
0.0089093
0.0012688
0.56298
0.013628
0.0053338
0.26774
0.026282
0.0043439
0.031133
0.10275
0.0031842
0.010797
0.013673
0.018731
0.00072843
0.22098
0.012741
0.042303
0.0052105
0.033751
0.067239
0.012636
0.096072
0.0041223
0.006202
0.0025613
0.0020232
0.0067366
0.0423
0.020907
0.0030663
0.010263
0.010481
0.010513
0.0073974
0.026871
0.040894
0.0099863
0.0051146
0.002762
0.010269
0.010513
0.0082681
0.0089765
0.004759
0.028308
0.0010354
0.011487
0.01459
0.013028
0.018479
0.0020565
0.0069035
0.0066159
0.070889
0.0013628
0.001265
0.0024992
0.096072
0.01521
0.045836
0.002453
0.067894
0.046647
0.017694
0.11847
0.82467
0.0060616
0.010479
0.022923
0.010301
0.050491
0.030382
0.35875
0.0089256
0.0019038
0.03802
0.028861
0.00763
0.036515
0.14253
0.0057296
0.0073533
0.23243
0.0011499
0.061377
0.18306
0.0022634
0.003345
0.0039791
0.045964
0.002763
0.071373
0.046936
0.0061223
0.026826
0.0012685
0.0020966
0.0023032
0.0058023
0.0037792
0.042263
0.0012854
0.0010979
0.0070879
0.73191
0.0022706
0.015877
0.012334
0.0025232
0.0024473
0.00082938
1.1017
0.0041198
0.0030663
0.00089503
0.0089538
0.015332
0.0044148
0.0010261
0.067487
0.010437
0.0052194
0.0027782
0.058057
0.0037188
0.0093647
0.059244
0.0061008
0.043251
0.054755
0.0091392
0.067813
0.021749
0.52365
0.25874
0.0046911
0.52434
0.0082036
0.013651
0.010467
0.0018618
0.033653
0.0069782
0.0056608
0.0038193
0.020626
0.0063375
0.015105
0.026282
0.0012688
0.009324
0.041364
0.0039929
0.057459
0.026282
0.0042555
0.012897
0.14256
0.0022908
0.010486
0.030587
0.2214
0.0060876
0.0046924
0.003345
0.042239
0.019416
0.0082612
0.061377
0.067813
0.047919
0.033534
0.0030663
0.076254
0.002299
0.0017721
0.0020565
0.002337
0.035415
0.037373
0.056385
0.0022971
0.061377
0.25658
0.0027969
0.013833
0.018218
0.026774
0.015353
0.024783
0.015328
0.013154
0.002453
0.019455
0.0041168
0.0031247
0.0059389
0.027222
0.019377
0.0086696
0.0074209
0.022001
0.0081828
0.0011499
0.031987
0.0098921
0.00098183
0.0065704
0.0047604
0.010475
0.0044365
0.00068758
0.28635
0.012029
0.0081766
0.013872
0.01242
0.013628
0.0031735
0.028826
0.0089336
0.059129
0.0060759
0.0026015
0.095828
0.0098208
0.0082184
0.28308
0.0030871
0.0018658
0.019227
0.0024549
0.0010625
0.018218
0.0074916
0.020463
0.00095014
0.0037018
0.0012575
0.13677
0.013495
0.24102
0.005332
0.013499
0.046566
0.0080218
0.0091423
0.0055732
0.002159
0.00054302
0.012466
0.0046375
0.0026413
0.016743
0.0093653
0.00825
0.0095892
0.0041625
0.0025929
0.011767
0.012741
0.010569
0.01575
0.0064432
0.042271
0.0086946
0.013373
0.027224
0.0089091
0.053476
0.0093823
0.0089776
0.23481
0.015328
0.0074473
0.029508
0.013362
0.016691
0.73431
0.0089053
0.07076
0.040888
0.026774
0.0089631
0.0029184
0.0055516
0.0036488
0.009683
0.026282
0.009651
0.016063
0.040002
0.012933
0.00054302
0.0076347
0.01199
0.015128
0.017055
0.001835
0.0041436
0.026774
0.054248
0.0056054
0.33987
0.013284
0.026774
0.018218
0.0011499
0.24317
0.15844
0.018378
0.008212
0.0056608
0.0034371
0.8347
1.1962
0.01338
0.0082537
0.0054691
0.003345
1.19
0.00094161
0.011955
0.11759
0.014708
0.0013255
0.0057379
0.00086457
0.0054159
0.022991
0.17056
0.013921
0.0053338
0.002453
0.0042016
0.027224
0.012265
0.0042499
0.028323
0.0089043
0.005985
0.018063
0.047203
0.026282
0.0025455
0.056316
0.0077243
0.0022897
0.060668
0.050476
0.067869
0.054522
0.0033471
0.03802
0.037791
0.0065097
0.01315
0.067265
0.0081676
0.0054555
0.057893
0.014906
0.0030537
0.002705
0.0037131
0.011156
0.0069484
0.028587
0.020656
0.0011499
0.010846
0.0012391
0.025398
0.40715
0.012267
0.16886
0.41146
0.0025532
0.015255
0.0013413
0.023635
0.0090074
0.003345
0.0094597
0.12645
0.015191
0.043312
0.0080835
0.0024515
0.086239
0.012587
0.028696
0.027396
0.0023094
0.0011041
0.0010282
0.0016455
0.012568
0.021587
0.0088429
0.0089065
0.004765
0.013638
0.042508
0.045762
0.0025375
0.0092178
0.0073899
0.033475
0.0066006
0.0040282
0.0041173
0.0032499
0.0012172
0.024759
0.0012688
0.0011756
0.0061644
0.011111
0.034853
0.005918
0.015318
0.024095
0.003431
0.0044656
0.0053438
0.0096932
0.058674
0.0053338
0.0031472
0.0052551
0.031589
0.0013438
0.0073461
0.0036935
0.020526
0.0064264
0.0025427
0.0069178
0.008717
0.00092045
3.3817
0.0248
0.014845
0.013087
0.25201
0.026956
0.0089093
0.0089072
0.012976
0.22247
0.0061929
0.0047588
0.0091038
0.0096627
0.0017119
0.00083674
0.020509
0.0089278
0.0019791
0.010534
0.0093462
0.0030608
0.047056
0.0098161
0.78849
0.037047
0.0094646
0.026777
0.0011312
0.015355
0.0097885
0.25867
0.07076
0.009549
0.0040051
0.019296
0.0096986
0.013642
0.0030663
0.096072
0.0097684
0.67081
0.00507
0.0073477
0.0022102
0.0053338
0.050471
0.13787
0.037866
0.00083412
0.018677
0.0012109
0.0089093
0.010833
0.0022869
0.011569
0.013078
0.40396
0.0011252
0.00153
0.0075057
0.056122
0.010889
0.014405
0.095898
0.32692
0.019821
0.050474
0.0037644
0.0012688
0.0089435
0.0053641
0.019913
0.031322
0.011803
0.0012688
0.029959
0.071216
0.0048366
0.0057494
0.096072
0.013547
0.009683
0.035901
0.02065
0.0034297
0.0046801
0.019557
0.0014449
0.0041946
0.24862
0.053075
0.0070026
0.0081806
0.11502
0.0011499
0.00082425
0.014177
0.003345
0.0043874
0.057139
0.018394
0.0062161
0.0035861
0.011367
0.25987
0.061323
0.013666
0.020585
0.040168
0.0026627
0.043994
0.06729
0.067813
0.0096225
0.010478
0.0013501
0.76614
0.0021077
0.0019217
0.013269
0.010546
0.002837
0.0022861
0.0098215
0.3701
0.004117
0.020716
0.0042794
0.03806
0.019377
0.0076986
0.068144
0.008181
0.0012688
0.002764
0.32849
0.044861
0.00096597
0.002453
0.27244
0.0093267
0.41683
0.04691
0.0047691
0.0080955
0.041354
0.0082584
0.035703
0.0062933
0.033741
0.0012506
0.031921
0.020324
0.013178
0.061577
0.0028053
0.003345
0.7743
0.010822
0.01323
0.0086085
0.044196
0.027183
0.031814
0.0018525
0.29262
0.018841
0.0020185
0.017997
0.028306
0.00096771
0.0041704
0.01834
0.014358
0.0074683
0.0092206
0.023302
0.096072
0.032716
0.0082188
0.019237
0.042292
0.028304
0.010769
0.056507
0.2073
0.031403
0.0023766
0.0289
0.73268
0.0041642
0.096072
0.042248
0.013628
0.0083576
0.0074616
0.010484
0.0057819
0.001908
0.00627
0.009683
0.0010764
0.006673
0.0071907
0.0097565
0.0054094
0.0037024
0.12041
0.0078228
0.0048713
0.028307
0.046761
0.00082643
0.0058405
0.0043629
0.01527
0.0097031
0.0096871
0.0065661
0.0089251
0.0062136
0.020907
0.031792
0.010854
0.008904
0.0050645
0.0023446
0.0012201
0.026282
0.068538
0.010822
0.26025
0.002453
0.021349
0.0062113
0.019604
0.010229
0.00082758
0.0022933
0.0030709
0.055922
0.011427
0.016728
0.010513
0.029937
0.0089104
0.16262
0.65493
0.0031594
0.0010486
0.096072
0.0013449
0.018391
0.0013602
0.014338
0.0049087
0.01487
0.019131
0.0012688
0.0066233
0.042712
0.0030663
0.26134
0.0066658
0.013092
0.010787
0.0047588
0.0026463
0.0079217
0.012268
0.012059
0.0010611
0.12116
0.063521
0.004771
0.063252
0.062462
0.004759
0.00078164
0.0065592
0.025281
0.027021
0.0088594
0.0062215
0.047692
0.0046474
0.067813
0.034966
0.019479
0.031899
0.0013089
0.030454
0.01048
0.037639
0.0041436
0.0093913
0.013098
0.027516
0.0081073
0.018218
0.037474
0.0086654
0.010822
0.27958
0.020867
0.007261
0.013115
0.028304
0.0064548
0.0082599
0.0027794
0.009683
0.39552
0.0014955
0.011743
0.018735
0.023377
0.25922
0.28245
0.01364
0.04605
0.017869
0.015518
0.0037015
0.01338
0.0011499
0.0074609
0.40427
0.016317
0.055235
0.28914
0.0032658
3.6795
0.015386
0.011655
0.0096194
0.018359
0.00084781
0.004297
0.0072251
0.24622
0.057994
0.0049077
0.016502
0.01534
0.023123
0.0042836
0.00096933
0.027079
0.0027623
0.04089
0.056142
0.14257
0.0052226
0.014396
0.032644
0.003433
0.012267
0.010744
2.2884
0.0041192
0.031973
0.0052165
0.03802
0.012927
0.010485
0.0097015
0.0206
0.009299
0.050467
0.026774
0.020907
0.0082054
0.0105
0.043911
0.0010533
0.0037083
0.0073838
0.0012688
0.026774
0.0043383
0.019313
0.006165
0.13389
0.0074776
0.26478
0.0011499
0.018027
0.054293
0.0092878
0.0066293
0.12036
0.07917
0.03802
0.0059577
0.10988
0.019572
0.004758
0.0093712
0.088358
0.0011352
0.037886
0.018218
0.0049239
0.013096
0.17212
0.44765
0.061377
0.04088
0.014159
0.0041135
0.07076
0.14248
0.0040483
0.0089286
0.027645
0.016735
0.0013076
0.0094934
0.071154
0.0011873
0.011447
0.0047555
0.070994
0.050467
0.067813
0.0020903
0.042298
0.0020657
0.99954
0.0074217
0.0030663
0.0030408
0.016732
0.019505
0.020373
0.0047616
0.0022069
0.053761
0.066989
0.0092397
0.026774
0.0094413
0.0095724
0.001184
0.067719
0.1506
0.0053284
0.041965
0.0058405
0.056309
0.013775
0.027209
0.04603
0.0089093
0.024745
0.12052
0.030304
0.10209
0.056096
0.032481
0.015913
0.010508
0.0092912
0.014909
0.027584
0.05049
0.056108
0.0063844
0.0086733
1.2516
0.51971
0.022886
0.32253
0.0024784
0.018457
0.0040771
0.0012007
0.036162
0.01338
0.01521
0.0010651
0.050467
0.0062933
0.00086219
0.0046652
0.0041471
0.011257
0.0098795
0.53651
0.19882
0.045758
0.0055727
0.0052578
0.026884
0.028304
0.0012647
0.0023903
0.40674
0.0054079
0.007157
0.017908
0.011605
0.0030254
0.01561
0.0019438
0.0025411
0.0022886
0.040882
0.0029055
0.0093858
0.041844
0.12178
0.0061335
0.028304
0.0056608
0.22443
0.012263
0.0050604
0.0065013
0.044177
0.73207
0.0047587
0.0054149
0.028304
0.0038329
0.0048131
0.0062304
0.013108
0.018296
0.015101
0.067574
0.015573
0.0091473
0.011394
0.028321
0.0058573
0.058264
0.0039742
0.21926
0.0071494
0.013756
0.0065047
0.00991
0.0053214
0.019393
0.0046969
0.010531
0.01084
0.0060325
0.015414
0.013086
0.020645
0.0042002
0.00096844
0.043725
0.014077
0.0041911
0.0089322
0.43058
0.0073894
0.0049209
0.038051
0.022216
0.0012743
0.0012774
0.00092075
0.0093504
0.014421
0.019377
0.0011902
0.0033722
0.004285
0.0031403
0.067813
0.012262
0.0053338
0.013093
0.0024579
0.0066037
0.011176
0.0017899
0.0081161
0.0064418
0.0012086
0.013608
0.0066249
0.096974
0.0012688
0.026282
0.030562
0.045727
0.0097046
0.0089794
0.0038329
0.00089901
0.00094589
0.0062611
0.0038886
0.0047594
0.040906
0.0012666
2.6093
0.074449
0.0059333
0.0065623
0.0044693
0.0091998
0.056101
0.00092374
0.0037687
0.0074265
0.010499
0.073495
0.0055107
0.0074572
0.033532
0.0012276
0.033586
0.0056608
0.68651
0.040971
0.03802
0.0042335
0.011216
0.0091533
0.40565
0.0070912
0.028304
0.00087824
0.12059
0.0041142
0.045308
0.061377
0.012601
0.0067777
0.45168
0.0035656
0.0097911
0.0089092
0.0086205
0.0015891
0.00068377
0.0052906
0.0064996
0.0069383
0.012753
0.00085196
0.0043
0.0026598
0.0012688
0.12708
0.001289
0.023213
0.42075
0.0012031
0.0062425
0.015679
0.47656
0.00983
0.011602
0.047818
0.03802
0.0064761
0.003345
0.010391
0.12575
0.0065622
0.010541
0.0061164
0.072513
0.004206
0.52241
0.42735
0.020689
0.006038
0.012243
0.003229
0.003345
0.0058405
0.0089093
0.0049354
0.0047585
0.03802
0.01533
0.00062712
0.026282
0.012494
0.012267
0.0051216
0.0054585
0.0042905
0.0095918
0.014352
0.0012688
0.008225
0.0030613
0.0038287
0.0023669
0.0053323
0.038127
0.012243
0.0073959
0.020907
0.009683
0.014861
0.096072
0.0057754
0.054641
0.0089079
0.0053338
0.0020565
0.0054514
0.40467
0.013021
0.03802
0.013634
0.16957
0.0038724
0.01366
0.0011499
0.29853
0.012269
0.017905
0.62733
0.010822
0.0010044
0.07104
0.019377
0.027223
0.028304
0.057676
0.015287
0.0086813
0.0047593
0.0022965
0.013628
0.0028094
0.0030622
0.0036629
0.0074956
0.015262
0.010436
0.0012661
0.0062933
0.0040634
0.0047257
0.0038961
0.0039588
0.0023236
0.0088343
0.0012235
0.0017478
0.10607
0.043637
0.010381
0.010911
0.061377
0.00083518
0.0011499
0.011352
0.0028626
0.021797
0.019377
0.0015286
0.0034355
0.029983
0.07076
0.020666
0.010427
0.0024272
0.0041991
0.001338
0.0047077
0.018218
0.028925
0.0017848
0.018669
0.01521
0.0074601
0.012267
0.46009
0.012267
0.025059
2.0283
0.0055293
0.01338
0.018332
0.0082651
0.02082
0.0097597
0.023283
0.0413
0.026799
0.005341
0.0095772
0.0047618
0.0053338
0.0020565
0.012616
0.0060403
0.019377
0.018651
0.013628
0.0072788
0.0089093
0.011877
0.0063073
0.0065671
0.0091583
0.0014553
0.0089606
0.0071275
0.008909
0.029582
0.07076
0.018516
0.050467
0.66269
0.015084
0.010253
0.023542
0.0054241
0.0054165
0.011493
0.024726
0.038267
0.0089093
0.0010323
1.0109
0.0047504
0.001934
0.0028342
0.0074554
0.010191
0.018973
0.019377
0.0031291
0.00098025
0.0089085
0.019171
0.0029884
0.061377
0.0010033
0.050467
0.049208
0.014199
0.0097257
0.056915
0.0096895
0.0074645
0.024727
0.014054
0.013628
0.0013433
0.0011404
0.0012913
0.01526
0.020877
0.003693
0.64718
0.020636
0.0042698
0.012258
0.013628
0.0056608
0.63352
0.13436
0.011429
0.018414
0.010224
3.6795
0.015383
0.0053931
0.0026886
0.010483
0.010843
0.002453
0.050467
0.008906
0.00085641
0.0024741
0.025894
0.0027757
0.53929
0.0036356
0.096051
0.003345
0.007368
0.013318
0.0013245
0.013151
0.0089836
0.012251
0.005038
0.01312
0.010829
0.22488
0.0011982
0.0081361
0.0080079
0.0052129
0.010089
0.036207
0.015302
0.024762
0.02247
0.0074539
0.0059818
0.0037048
0.015881
0.0039046
0.020788
0.001207
0.012913
0.046112
0.012938
0.007416
0.012293
0.098124
0.0058405
0.0094119
0.03802
0.0037153
0.010547
0.011115
0.0027309
0.060347
0.004886
0.0038329
0.0041436
0.00098551
0.056399
0.0074659
0.16125
0.0055938
0.013993
0.0066698
0.013628
0.0062481
0.0093985
0.012242
0.020847
0.44382
0.024777
0.0081287
0.0084327
0.0039357
0.050467
0.0024532
0.039668
0.018511
0.033541
0.0038982
0.0083602
0.010494
0.005931
0.01521
0.024769
0.0058405
0.16431
0.05649
0.011271
0.0094693
0.0039225
0.0013509
0.0014974
0.45507
0.015229
0.0082132
0.0073821
0.026801
0.0019276
0.0083961
0.055332
0.009202
0.009683
0.0012414
0.028323
0.028999
0.024263
0.015737
0.0080973
0.66573
0.018228
0.019377
0.27488
0.013019
0.023139
0.042628
0.0041436
0.028527
0.29678
0.0033573
0.012821
0.0059898
0.006852
0.013216
0.0027639
0.0085307
0.010513
0.012972
0.028304
0.0047586
0.013093
0.050467
0.010323
0.033701
0.095843
0.0090399
0.0042229
0.013292
1.0764
0.002539
0.0031267
0.0041436
0.01533
0.73577
0.026841
0.015423
0.0012688
1.0874
0.0027537
0.0064644
0.050925
0.0053338
0.056453
0.068798
0.047128
0.019027
0.011187
0.0042352
1.3748
0.00093041
0.0049291
0.0026858
0.010542
0.023689
0.0409
0.028304
0.012243
0.012255
0.044736
0.030979
0.013203
0.0060171
0.027224
0.0068497
0.0061118
0.011153
0.068414
0.0097874
0.0061751
0.002693
0.0089371
0.0031201
0.010505
0.13115
0.026282
0.0032683
0.0010889
0.021944
0.0080434
0.022505
0.0089174
0.010858
0.0065534
0.015551
0.00094925
0.0031541
0.013628
0.0093496
0.003481
0.038054
0.012406
0.0056608
0.010852
0.0043128
0.018218
0.0068437
0.0047278
0.016189
0.010842
0.0041436
0.0020565
0.018619
0.015604
0.0054529
0.010482
0.18688
0.0053338
0.01521
0.01842
0.0022277
0.013329
0.061377
0.0017229
0.14256
0.020903
0.0018708
0.0064964
0.0084502
0.0080999
0.012243
0.013897
0.0037341
0.013112
0.11213
0.00081933
0.0041436
0.0028754
0.002453
0.0051005
0.0062933
0.00074487
0.0097988
0.013048
0.0028734
0.013628
0.011942
0.027224
0.0030503
0.003345
0.0081184
0.01521
0.0012688
0.067813
0.010485
0.014275
0.11105
0.0074624
0.00054302
0.0058405
0.0064176
0.73178
0.033595
0.012243
0.033392
0.0015152
0.061377
0.008174
0.050467
0.0041153
0.0021943
0.067813
0.013628
0.0062933
0.024706
0.0089312
0.0065657
0.031884
0.019535
0.045935
0.0089092
0.0045738
0.0030066
0.0012688
0.047256
0.0049712
0.00899
0.028479
0.0065596
0.0099953
0.039075
0.0051964
0.030116
0.0089469
0.0068377
0.0030585
0.095998
0.012267
0.026781
0.0089161
0.013628
0.013635
0.031368
0.0031722
0.0034275
0.0065674
0.0064632
0.0052711
0.040718
0.0011486
0.30575
0.037744
0.0043226
0.07076
0.0020831
0.22459
0.017641
0.010822
0.0089179
0.0055488
0.013628
0.0090489
0.0009928
0.00069888
0.0074409
0.0011499
0.068109
0.03802
0.012243
0.22386
0.35387
0.011162
0.015917
0.0062257
0.53156
0.020907
0.0014678
0.0073654
0.0062278
0.73247
0.0012306
0.070254
0.087736
0.013813
0.0011139
0.012243
0.00932
0.018832
0.050494
0.045078
0.019867
0.040424
0.0053291
0.067813
0.027224
0.012266
0.012929
0.010326
0.55611
0.03802
0.032002
0.018202
0.0011499
0.0076567
0.17437
0.0098239
0.0057142
0.060607
0.00092017
0.0065693
0.010859
0.0056608
0.0014375
0.029133
0.0071407
0.011092
0.0024118
0.011208
0.0078962
0.016781
0.0012885
0.0048327
0.0070799
0.0066275
0.007113
0.013622
0.0092369
0.002453
0.51905
0.01092
0.12146
0.026774
0.042256
0.027441
0.12153
0.0042267
0.023254
0.0041317
0.0038329
0.0061827
0.024768
0.0068772
0.0065646
0.00084367
0.015944
0.020792
0.0041804
0.013671
0.0031073
0.056357
0.026973
0.0074459
0.012999
0.010822
0.0065766
0.06998
0.030846
0.0060857
0.0098358
0.22112
0.0033509
0.038982
0.005502
0.015396
0.0012652
0.005629
0.014043
0.040866
0.028768
0.0041371
0.0062044
0.025873
0.0082532
0.046374
0.028304
0.025095
0.014413
0.014333
0.0012644
0.0035002
0.0047598
0.070776
0.00054653
0.00096498
0.001164
0.73586
0.020491
0.014685
0.0041386
0.002285
0.010822
0.020771
0.01825
0.072116
0.033614
0.0052831
0.12016
0.0053338
0.0097762
0.0044904
0.0027645
0.013132
0.0011798
0.0054199
0.0029229
0.0089235
0.0064255
0.00096591
0.027219
0.020885
0.0058405
0.0053727
0.0034893
0.0078173
0.0089093
0.01059
0.0020565
0.010832
0.35675
0.096072
0.014465
0.012243
0.25682
0.01122
0.0011446
0.01521
0.00082163
0.067813
0.014065
0.003345
0.05809
0.0053083
0.0058442
0.0090257
0.0073788
0.0042281
0.0073887
0.0082454
0.59975
0.030023
0.063972
0.14261
0.011818
0.055488
0.0089194
0.0018496
0.010635
0.015329
0.0075209
0.096072
0.023036
0.056001
0.5276
0.0040546
0.0089382
0.0040895
0.0083105
0.0012768
0.036617
0.0040706
0.0019752
0.0098379
0.013059
0.029053
0.038677
0.0020565
0.018876
0.0093377
0.0012479
0.00075794
0.0065668
0.0041494
0.054326
0.54928
0.0098286
0.0030663
0.02837
0.13535
0.026839
0.012269
0.0098323
0.046537
0.020907
0.010832
0.00088987
0.0041899
0.0072524
0.0022743
0.11979
0.015331
0.0073932
0.001409
0.019966
0.015327
0.038523
0.058551
0.0089093
0.00092838
0.035085
0.13982
0.012253
0.015599
0.009683
0.018551
0.72679
0.019364
0.027199
0.0054633
0.015046
0.0073926
0.010479
0.0041436
0.49052
0.0038652
0.0062933
0.05614
0.012243
0.0039334
0.031264
0.0082574
0.019074
0.002718
0.004425
0.0026143
0.071076
0.010305
0.0079285
0.0015022
0.013628
0.033881
0.0030925
0.013266
0.03041
0.028304
0.0081239
0.38166
0.015364
0.0011357
0.14197
0.0020565
0.0034441
0.0038636
0.0046993
0.015245
0.03368
0.074231
0.033597
0.0035801
0.0023734
0.016426
0.056179
0.0027939
0.0055538
0.05625
0.0073611
0.067813
0.19784
0.0051936
0.00096522
0.0093735
0.0097949
0.015825
0.012261
0.0038329
0.01047
0.026774
0.0053686
0.00055295
0.0074805
0.013628
0.012734
0.09599
0.0049066
0.0025669
0.0041507
0.018745
0.028306
0.033534
0.0053783
0.013628
0.0014963
0.013677
0.0041115
0.0020565
0.0093145
0.095928
0.019563
0.00065613
0.010577
0.011383
0.40599
0.0062737
0.17019
0.038096
0.056274
0.011028
0.012247
0.01106
0.0071459
0.026282
0.0012563
0.40365
0.00054344
0.0058405
0.0047237
0.0024723
0.0096917
0.0060571
0.026565
0.011175
0.071292
0.411
0.013628
0.019377
0.26951
0.0013159
0.0021348
0.011145
0.73545
0.0089119
0.018273
0.028304
0.0018901
0.0052144
0.0098461
0.022882
0.022855
0.0098348
0.017711
0.25857
0.018386
0.0074923
0.0036717
0.0027653
0.0073934
0.031464
0.26067
0.027629
0.00096699
0.015923
0.011926
0.010513
0.068879
0.0057193
0.0063722
0.004918
0.0017356
0.0021965
0.00091944
0.0067136
0.001121
0.12115
0.0062868
0.013628
0.017323
0.0021041
0.0093406
0.0058519
0.010941
0.54057
0.020418
0.01997
0.050408
0.022068
0.058749
0.0082461
0.013702
0.010974
0.0074939
0.026856
0.050489
0.0011817
2.0571
0.0040345
0.012989
0.003141
0.044635
0.013406
0.012264
0.067971
0.026994
0.030516
0.031909
0.062085
0.028304
0.0053311
0.0028935
0.0051639
0.0026759
0.0074881
0.0011744
0.0072321
0.94536
0.010252
0.096072
0.027217
0.0089093
0.022616
0.013192
0.006284
0.013628
0.001292
0.013646
0.0093777
0.012269
0.0041981
0.009683
0.0072856
0.00059595
0.0013615
0.006726
0.0064217
0.0075668
0.0034335
0.0027632
0.0062933
0.054594
0.15558
0.0030663
0.012884
0.0039406
0.0070199
0.022911
0.022947
0.0012638
0.012246
0.0069087
0.016735
0.43875
0.0073394
0.0012549
0.053565
0.0050119
0.040903
0.0030644
0.0020565
0.0038329
0.035148
0.0053383
0.0010012
0.010526
0.00096632
0.0020565
0.005405
0.0065638
0.0041436
0.0089092
0.0591
0.0051758
0.0062633
0.0059658
0.05122
0.041539
0.0058299
0.03802
0.010513
0.73349
0.015379
0.013769
0.0081984
0.0056608
0.013647
0.012243
0.010822
0.037136
0.0071218
0.010837
0.0085076
0.0073204
0.0098701
0.0010158
0.010492
0.0061082
0.0041837
0.0098575
0.006199
0.020732
0.60731
0.0065686
0.0011621
0.013164
0.40405
0.0056724
0.0041717
0.028648
0.03802
0.028322
0.18967
0.036907
0.0012815
0.0073953
0.010822
0.0022056
0.070816
0.027198
0.0026404
