2.5352
65.07
0.71642
4.6452
3.0623
0.15687
0.10093
42.142
74.471
9.8604
14.395
0.031552
7.432
7.3022
83.079
0.6569
5.5171
1.5272
1.7465
4.6944
0.22911
9.425
14.026
36.076
6.7596
6.4562
7.543
8.5555
18.813
5.329
3.1137
39.136
0.73038
0.035111
6.4903
11.72
59.972
105.78
10.375
170.15
36.588
82.996
7.8969
0.72138
3.7757
25.927
5.7236
8.1876
2.3655
0.13368
0.4064
10.79
5.1735
0.079269
2.6941
9.823
17.254
56.477
11.95
219.15
0.54902
0.72548
26.85
1.4406
2.3481
0
0.8208
2.5825
1.9614
0.30893
0.67061
66.261
2.7295
18.338
110.47
5.0168
0.084318
1.1904
229.53
0.057589
66.484
1.19
66.65
14.396
50.832
10.293
1.1695
12.314
0.31862
57.38
130.53
0.36632
51.573
25.531
48.217
40.402
17.413
7.5148
104.26
2.2914
24.748
48.204
31.086
2.6322
5.1835
0.57293
0.38728
1.6141
16.493
8.0393
41.324
0.64249
0
33.462
0.183
0
1.0224
11.149
7.8772
15.431
206.5
197.16
3.0204
31.951
83.704
3.8007
3.0698
0.92242
36.722
12.208
43.139
3.8769
12.918
41.317
25.884
17.004
3.1396
8.7076
5.8995
2.8498
44.402
0.13266
2.8957
0.073853
0.97697
65.445
45.601
1.4565
9.78
1.1337
0
0.91134
6.6795
54.026
7.1069
2.0671
132.34
4.4275
15.501
12.859
0.51181
7.1523
1.9722
30.829
1.0777
112.62
1.1542
17.02
3.1309
10.167
24.513
15.886
0.23386
0.16534
0.77244
6.6461
7.8568
0.021379
60.479
26.399
0.37942
0.82714
0.81862
41.732
0.025901
3.1087
0.063065
3.3297
105.57
19.026
0.36642
0.87267
1.3393
0.90718
4.3102
0.43127
11.901
0.97049
14.636
13.814
2.0647
9.9204
0.089313
0.05534
33.899
10.665
22.827
0.57996
12.899
0
3.5099
30.556
6.81
14.949
1.9723
2.8151
13.364
41.533
1.0252
6.6448
53.331
14.793
14.245
25.517
36.577
4.7897
2.2819
0
23.29
5.0041
16.751
30.794
31.098
16.471
6.5408
73.016
12.685
6.8974
1.404
12.427
4.5904
3.8822
5.1464
90.079
10.616
45.196
93.332
13.443
0.67904
28.411
30.663
1.1815
3.7275
0.038264
1.466
0.79546
27.594
1.7862
0.10769
8.265
18.94
1.0645
0.10251
35.614
6.5261
30.925
11.457
4.7727
0
1.6137
1.6235
9.8067
4.9145
3.0972
0.1993
0.022753
46.267
41.88
4.9016
8.6678
86.688
1.1279
1.5692
0
155.24
28.369
44.263
0.24778
4.4394
6.1965
24.041
238.7
28.768
5.5732
2.8672
30.709
42.684
1.416
41.492
1.2955
30.385
0.20576
5.4355
0.44274
0.34374
18.772
0.24433
10.698
46.604
0.21891
7.9517
0.24541
41.983
16.431
96.739
6.2396
7.5168
211.26
4.1167
27.191
121.54
293.6
1.9529
11.366
0
16.353
43.574
56.003
0.71578
0.21982
195.66
0.42534
15.128
35.549
0
2.1609
2.3165
17.117
0.60746
22.97
19.605
58.425
0.17524
96.436
1.9579
0.95466
0.083897
7.9734
1.3486
7.9079
1.5952
7.8955
0.0021123
13.525
0.046074
22.908
37.857
6.7343
109.67
1.8986
0.29537
3.8409
1.7972
82.524
44.03
33.831
4.3052
34.553
10.265
28.131
36.873
20.41
0.73486
3.1622
14.684
3.868
1.0062
70.642
3.6088
96.565
47.317
0.37622
14.841
12.936
2.4627
5.3272
17.91
1.2681
1.5116
12.591
15.992
13.443
0
7.0753
0.15895
35.558
0.12312
55.822
0.51524
39.434
4.9606
20.944
4.971
6.5466
0.2163
0.16513
8.3788
15.238
0.77601
6.288
0.86638
0.25729
15.769
14.813
3.3468
31.284
6.3002
36.714
1.4862
0.14072
7.0282
106.38
0.11144
8.323
0.52337
0.73977
38.604
0.57238
54.944
4.1863
1.5566
121.75
1.1278
38.99
0.86171
12.601
5.8444
1.7712
2.2192
139.94
11.816
33.86
25.919
34.47
3.6745
1.8198
1.6628
0.49583
0.69657
42.876
0.013761
74.599
11.821
48.821
10.062
45.847
0.090273
14.6
0.37318
67.275
0.35108
0.073577
15.695
36.941
17.216
7.0065
5.8062
0.023103
76.812
40.08
18.756
0.17112
8.8377
17.422
89.372
1.0048
19.127
7.5797
39.605
52.049
19.48
0.94889
0.0039675
9.0917
43.09
35.749
62.468
0.51532
1.0754
0.073006
0.12695
7.5321
14.492
4.4905
3.4916
16.912
0.57254
15.883
23.166
95.926
7.4328
0.20232
60.776
78.275
0.96441
9.0006
352.48
3.53
3.6518
0.024527
2.1833
23.053
71.194
3.7757
95.27
0.61416
13.083
0.011089
28.506
28.249
6.1588
0.87707
0.03587
9.4746
43.139
69.996
1.3613
81.236
14.24
61.254
37.357
0.2827
10.03
0.022995
15.819
5.9531
108.01
240.21
0.49784
12.867
12.101
0.24035
0.27881
1.1229
8.9833
29.943
0.59527
0.33486
17.488
3.2053
4.0488
0.23736
1.1429
3.9337
14.969
2.8046
8.4744
58.519
9.3459
29.923
0.51905
5.8173
80.124
23.043
9.7062
0.16968
8.7122
3.6808
14.321
3.9848
1.7421
12.001
2.1874
35.209
4.3309
0.63347
1.6527
38.643
19.103
2.1933
12.093
0
6.5444
19.476
39.845
122.64
8.6493
7.8343
1.0284
1.6785
6.855
131.94
15.93
4.7208
85.519
8.8288
0.063048
24.689
3.3582
63.915
40.825
20.219
1.6944
1.4885
10.114
0.73779
0.033511
0.38888
18.763
0
2.6782
6.4736
12.702
0.60775
23.256
36.313
63.831
0.14457
0.75405
11.276
1.5061
147.89
29.885
103.57
2.1582
4.6676
7.8657
4.2473
0.40111
0.19801
8.3423
0.75283
17.898
14.24
35.755
22.506
41.666
55.334
0.37349
0.6581
60.866
0.62177
23.565
11.268
9.9053
100.27
4.9893
42.542
69.48
0.14307
8.8863
199.63
11.959
9.4006
0.30119
0.036352
0.04159
42.859
213.49
115.12
13.696
6.1856
7.3236
6.4532
110.67
1.9882
0.84996
1.2565
8.2998
22.538
0.34156
46.495
2.4171
1.8602
2.2608
0.31894
1.6241
22.835
9.7926
10.801
0.56605
0.77215
151.4
11.27
17.672
0.59063
1.5187
13.937
0.31496
1.1
33.002
154.99
49.225
26.128
80.677
0.0016757
7.3018
127.24
0.13309
7.875
0.28544
3.4599
4.3036
3.9004
11.472
0.295
66.008
17.356
66.651
0
83.904
0.066693
0.30205
17.422
1.9682
7.5313
0.58611
0.027527
5.3135
1.7995
0.21203
1.3099
0.68993
2.0995
0
2.6939
10.077
63.547
0.13335
13.547
3.1934
1.8001
1.2579
8.8987
26.682
9.9047
66.966
15.067
0.32269
15.248
3.8274
18.073
0.49493
6.572
12.402
1.1239
10.256
1.6305
7.5618
66.206
24.679
18.924
7.4748
2.4337
88.345
50.313
27.987
12.587
0.35822
37.681
21.81
142.38
43.051
0.38896
56.157
39.108
0.77847
4.9742
0.49941
0.32108
13.281
4.8113
7.0992
65.285
23.235
48.977
3.3596
45.76
2.393
16.193
5.6228
4.5323
0.661
18.039
0.52013
5.8271
22.818
2.9512
0.82203
1.5173
0.84313
8.7223
112.5
0.16239
28.99
4.9052
0.36466
0.74749
29.251
23.884
15.455
82.4
51.673
0.32135
33.909
0.51452
3.6298
33.918
41.055
0.91287
35.372
3.8763
0
0.62613
217.89
26.295
4.0005
4.3055
11.652
3.3043
23.748
22.854
0.3274
1.9832
11.623
1.076
89.9
44.96
2.2745
21.18
19.427
1.1263
6.8021
26.094
2.1636
18.069
142
55.544
10.104
56.941
25.06
7.3856
48.846
0.17447
24.414
24.192
31.306
3.3336
10.854
87.137
3.8241
19.142
92.528
22.337
8.9181
10.556
5.8616
0.079543
71.681
0.22922
35.698
1.063
25.214
20.652
9.4015
16.387
4.0921
45.578
20.839
3.3082
0.17646
5.2819
4.3292
0.085529
2.0014
2.6776
0.91844
34.777
37.359
19.649
4.3744
5.6049
2.0691
0.56281
7.0111
0.030512
0.65602
11.837
0.78345
51.489
0.73795
11.309
4.6334
0.66473
25.043
53.544
9.3426
29.167
87.65
71.996
71.622
50.272
0.88773
0.65562
1.9046
3.8603
1.5362
24.066
1.9551
11.158
6.9033
3.9332
10.644
0.25752
76.159
0.75958
1.7386
0.75496
24.605
31.346
8.7136
1.8223
58.641
3.809
0.21562
5.4861
65.128
23.536
8.0606
2.9511
9.1601
130.4
54.95
0.056299
37.721
46.498
3.4383
7.152
16.241
95.311
8.908
0.87079
19.158
5.754
45.586
156.79
96.123
4.987
4.3148
55.292
36.255
29.832
0.3463
2.8592
3.4228
1.8984
1.382
11.043
32.142
7.0883
40.154
60.526
18.948
0.64153
1
64.467
1.3401
1.8602
0.43604
0.85132
1.5643
0.2493
1.7067
22.012
19.973
51.466
45.276
135.61
2.1022
18.334
0
0.057989
2.8387
48.399
15.512
10.923
24.856
2.3735
23.422
0.29824
0.57218
10.143
12.21
0.16089
0.23284
2.3158
5.1483
23.779
29.033
61.219
6.3994
4.9993
122.31
17.999
7.3627
18.165
143.95
6.7426
2.3526
18.015
0.29553
8.6009
0.013737
55.943
73.21
0.46923
1.1591
0.2789
7.5043
1.0148
15.184
4.6163
0.45023
4.0885
28.342
0.92125
5.7706
27.994
18.154
56.879
63.302
8.6621
13.352
0.52391
29.84
3.1782
0.36099
2.5521
5.6195
27.139
119.42
0.069501
46.089
77.372
1.0275
32.957
4.0328
76.755
10.131
1.5841
0.98653
2.5085
21.511
9.2981
51.089
6.6693
2.9233
0.47575
0.58826
48.639
1.9356
31.164
87.571
11.996
6.9439
1.5095
0.077073
94.577
3.696
0.4075
47.146
0.023408
44.402
1.5209
1.7345
0.98085
44.686
0.2252
14.218
25.772
0
0.072144
0.10956
54.847
0.50846
4.2209
0.27402
4.1065
88.188
3.2616
13.652
0.68324
0.086424
8.6938
62.828
123.75
4.6935
22.978
0.68664
9.8158
1.4234
18.42
11.678
0.33046
2.9995
2.3557
1.1186
0.4979
4.2869
0.58509
0.79582
12.655
19.307
23.938
36.496
15.045
7.4846
31.269
0.34346
162.27
0.84188
31.879
1.7947
3.1496
98.277
56.939
19.468
41.233
0.10124
74.657
15.543
2.2174
17.244
4.4101
0
0.84996
31.502
59.505
12.789
19.302
56.487
1.9737
8.9705
16.921
15.812
7.2834
0.18939
11.185
1.2936
91.073
0.7438
1.0946
0.39261
90.099
9.6135
4.6469
1.6494
79.334
0.63246
0
3.2056
105.33
3.2184
104.16
1.1671
31.749
21.882
0.17111
1.4724
8.8124
121.96
87.482
14.151
1.7334
13.911
9.5895
2.4916
15.969
25.496
3.9102
28.807
5.7206
2.9174
101.68
15.041
0.21907
0.43945
35.698
12.488
15.66
137.35
83.072
1.4772
4.8341
17.293
1.0054
16.745
52.597
149.42
49.257
20.397
2.8277
1.2613
8.4198
9.546
12.409
2.4543
4.6844
25.141
3.582
59.642
0.17785
31.047
1.5741
103.89
2.5004
11.438
1.4511
43.442
7.433
149.15
36.068
4.7216
10.416
0.54702
3.3657
0.85264
3.1947
0
2.255
24.404
34.902
2.512
4.5193
0.76369
16.087
1.1633
16.82
63.038
2.1179
123.98
16.993
5.2617
3.5769
13.768
1.0665
200.65
17.664
3.1512
0.14011
30.684
0.23617
12.097
23.722
3.9417
1.6543
2.5536
1.5527
95.005
44.015
1.3343
12.528
7.5135
36.26
12.25
0.2923
0.064151
6.1133
8.0393
3.5824
4.4692
19.121
7.1041
4.3063
1.9877
0.13025
42.763
4.405
18.746
11.463
4.3656
3.0372
9.8512
3.7873
22.817
1.8334
15.951
2.2926
45.811
7.9378
174.56
30.57
0.34442
5.0324
4.0443
5.4827
13.024
16.223
52.55
18.791
11.623
0.29879
40.434
3.4404
1.901
1.7522
0.10358
13.002
122.58
0.90282
5.4413
3.9687
17.334
69.028
0.061998
12.873
109.93
0.50127
15.873
0.36575
7.5551
0.26587
0.9139
2.3424
4.7661
15.727
1.0167
1.9896
15.388
34.665
8.3604
6.1951
3.0707
18.806
4.2757
0
12.229
1.5031
76.096
19.506
12.199
99.068
2.0296
0.027088
27.512
0.2434
61.184
0.22595
2.2111
3.4513
4.3939
21.972
42.775
3.6122
0.11535
3.6431
10.1
112.87
84.539
0.99752
0.0042244
0.051867
1.8645
1.9585
0.61637
24.869
0.69061
48.539
0.34178
9.1632
19.66
18.223
128.18
0.65352
136.32
13.604
1.5466
29.888
7.0825
26.63
4.6635
62.708
13.099
3.7971
2.162
12.532
149.66
12.358
0.01467
3.4834
0.26923
17.086
5.5018
7.786
44.795
0.45348
0.098323
1.481
2.6709
0.0834
6.1534
1.3458
17.92
32.308
4.0594
31.502
3.7492
63.359
110.86
1.8496
6.4778
2.4636
11.894
1.2703
2.4305
0
0.32538
7.3603
0.23297
50.976
27.293
57.291
31.144
0.45063
1.5128
1.0603
49.883
1.2321
59.988
16.624
1.7672
691.36
5.5825
16.392
3.836
1.6845
1.7387
0.50581
0.24807
75.476
61.973
6.4451
76.056
0.72874
11.358
7.9866
46.747
16.472
54.724
16.247
19.995
37.228
4.287
0.77638
2.0667
15.822
78.838
17.963
0.71836
1.0304
8.5356
5.57
50.628
1.0352
21.265
20.66
1.8548
12.726
5.2659
27.067
0.7569
0.34644
1.1596
0.27276
2.2898
0.47956
0
3.2984
3.0566
29.763
21.43
78.47
20.53
13.196
45.877
2.3628
50.222
0.11485
20.27
17.994
2.5073
0.83647
1.1206
10.741
0.46174
1.8138
2.6341
42.53
0.90051
0.09448
21.668
38.588
15.993
1.1058
20.361
24.621
10.173
38.166
3.8058
0.42628
40.138
4.0399
0.60382
1.8268
0.35272
8.2653
0.76475
10.002
0.19244
6.0416
2.4842
31.743
0.36735
13.817
0
35.119
34.208
102.21
29.231
5.9511
1.4352
13.013
0
14.791
1.2064
74.717
42.218
11.551
1.0799
19.947
0
13.976
1.5098
54.246
0.56072
0.40894
1.6742
51.286
101.43
1.3407
13.532
2.4208
0.29228
3.4956
0.46378
1.357
8.5935
30.505
37.231
40.665
11.618
69.59
54.849
4.8413
31.744
1.0171
42.462
2.9007
3.8094
34.152
0.3538
94.145
0.33671
3.4862
90.446
0.045729
17.776
10.287
0.15813
4.0448
0.40115
105.68
4.203
31.26
1.7037
26.036
81.074
75.711
11.845
42.263
4.8267
29.132
0.074446
20.48
8.0995
7.3739
71.666
0.11404
2.3661
0.13321
65.68
1.3743
3.1639
2.3898
8.1756
9.3317
50.175
0.058113
0.078326
11.323
4.6721
10.797
39.564
0.03487
17.322
0.31317
3.2448
0.72974
15.046
105.04
357.33
1.7105
8.7043
97.271
19.555
18.917
43.081
0.21755
107.44
26.274
7.0291
2.1199
1.6163
29.838
11.931
1.4214
35.343
34.149
0.062038
1.9366
14.25
12.041
0.0086345
0.62399
323.26
23.395
41.726
0.17172
36.014
31.533
5.035
0.74228
23.199
18.998
0.046741
0.045858
15.32
1.5675
15.656
2.5896
2.0421
121.54
8.8451
1.3164
2.5377
9.3495
33.096
103.18
57.072
2.599
32.789
2.7725
4.062
82.802
0.018857
6.5275
51.844
51.95
0.2685
2.9229
0.20931
3.8908
1.7888
3.897
3.2253
5.4944
1.1668
22.718
41.517
10.982
0.11945
1.9642
2.7899
382.63
6.0416
7.7353
23.448
3.0147
0
94.899
1.7773
2.184
76.14
0.99971
92.012
25.327
12.219
10.579
0.1246
0.99611
8.0858
0.14524
7.051
2.0287
2.4093
53.408
3.4356
0.52677
8.3273
61.017
4.9896
6.3788
20.115
103.92
62.8
26.993
24.756
0.10296
48.361
7.1296
2.0698
171.27
37.774
1.1279
5.3298
16.551
143.1
10.452
0.09099
5.2945
2.0937
12.245
0.39686
2.0559
3.1702
10.272
4.2152
22.363
23.938
22.445
20.517
1.4654
6.1325
0.0051577
14.945
11.341
0.40701
81.278
2.1141
0.26162
0.12739
2.7964
6.4519
162.22
3.3005
0.062
6.027
13.919
48.464
0.034077
0.15461
1.6262
30.849
73.703
2.7129
61.14
9.7731
3.6757
0.047699
97.857
5.026
0.16399
12.747
3.7333
13.723
0.54893
7.9193
12.873
7.6919
14.943
0.11855
1.1104
0.058629
2.5814
0.0037082
48.446
15.711
27.212
5.7652
6.8782
0.13847
0.017953
4.8364
8.4014
29.011
25.899
0.087865
0.52958
4.3985
42.483
35.558
7.4904
0.80943
179.8
30.864
0.57669
49.953
25.952
12.678
0.88003
10.199
21.517
5.5881
37.355
11.856
42.109
16.104
9.7269
41.987
12.84
2.5955
1.1864
26.37
0.0092969
135.48
6.2711
395.1
25.877
54.451
24.179
1.8856
0.2081
23.531
4.532
57.596
1.0703
4.9108
65.132
44.342
40.139
3.7907
0.18159
3.8172
35.184
4.8084
1.8772
18.078
12.204
0.26538
54.021
0.94418
21.659
0.26069
2.519
53.303
0
11.738
0.88722
28.074
0.55468
27.713
0.7552
131.24
21.174
16.454
0.26155
46.343
10.633
4.5182
10.868
3.4431
97.837
2.1514
0.71422
3.3888
2.1593
3.2154
4.6763
0.23508
320.1
2.3044
5.8687
16.986
79.071
19.644
0.74455
17.839
13.136
7.7157
0.052853
1.6152
34.677
4.4109
92.931
3.2118
69.139
62.913
29.963
14.225
79.004
7.921
8.5671
76.327
60.752
4.7194
0.5335
40.507
7.0985
28.959
0.72826
2.2319
64.859
12.248
8.2954
1.6525
9.12
36.824
19.179
1.6651
5.2635
3.3994
9.8665
30.018
3.8659
10.646
48.576
55.682
154.99
2.679
6.7064
32.835
19.096
63.017
2.6722
0.75759
0.20309
156.23
37.38
21.357
48.27
77.884
8.6667
0.93481
32.111
0.34039
30.322
6.0461
37.018
72.371
3.0086
95.822
270.61
90.294
0.6145
32.768
9.8537
8.5979
33.229
1.721
11.67
0
17.52
51.387
2.8516
38.228
31.101
0.88192
2.7381
2.0777
0.25741
17.089
1.8372
36.908
13.885
6.7835
0.12684
2.3202
8.7221
0.75428
0.65705
69.601
56.224
0.26384
20.431
89.392
2.8924
0.18018
1.1229
133.43
8.0845
10.917
4.2749
22.458
1.5112
40.386
94.873
11.526
6.5427
9.9338
22.757
6.7586
91.129
0.30582
2.1953
2.501
13.393
1.0878
12.049
0.31307
353.49
7.2245
99.927
1.5576
8.4658
0.85563
23.242
54.945
5.8641
9.8408
23.511
36.958
0.78226
2.1102
21.144
1.8311
1.8829
2.1123
0.41806
0.49733
131.49
1.9734
23.462
123.47
24.371
0.030384
4.9207
71.092
10.077
66.727
47.281
0.085057
4.9602
0.84045
2.2229
3.9258
126.72
0.39976
17.461
12.807
0.69438
0.39325
114.92
2.0581
0.66034
31.081
1.5289
1.2235
17.044
16.079
1.9722
0.17265
7.0793
0.68792
156.13
0.14212
6.2943
108.21
0.91264
1.3086
73.855
6.9799
21.426
50.563
7.5626
189.33
23.195
0.0065383
1.7898
76.9
27.198
31.104
0.017781
3.4854
8.4053
32.064
0.23382
32.127
63.064
14.466
0.18928
4.0645
70.139
15.847
19.315
2.0879
0.38749
30.816
18.549
1.0571
133.16
8.4276
4.6271
34.257
87.867
10.56
0.80111
14.337
2.0279
16.86
0.10801
23.151
55.195
0.1483
0.13808
2.7745
0.061727
28.654
34.29
61.371
2.4151
6.0116
13.503
36.702
20.073
25.551
0.18385
1.6154
1.1904
0.61962
4.1391
6.1848
0.96568
2.7791
0.62161
3.6078
0.75316
0.13766
0
20.251
7.3225
0.035366
16.224
0.8622
11.287
93.112
33.169
7.3613
3.8823
5.4366
33.508
0.44993
0.084656
0.11864
6.8375
5.9313
2.3697
16.46
4.6261
117.55
14.163
0.24232
46.018
24.732
236.69
0.66707
40.136
14.21
8.5172
10.279
56.194
16.783
0.1432
10.626
0.20354
21.517
51.34
26.064
41.877
0.094142
2.8842
21.766
35.783
176.24
20.01
2.9037
0.4295
8.587
0.32801
5.0241
1.5123
7.2175
192.62
3.3908
1.4898
7.325
6.6324
11.699
5.7063
233.48
6.0703
11.536
0.49466
0.84997
0.60103
2.2317
0.30741
133.57
109.08
77.786
11.094
0.63077
2.3815
4.9568
10.051
49.934
0.15286
2.8923
20.758
16.891
0.53793
73.545
0.15414
33.494
0.095922
29.212
1.5753
19.608
25.696
2.8891
1.2809
66.453
68.046
15.801
54.631
0.099185
1.5997
0.028045
0.51017
4.2135
21.627
3.4557
0.51623
3.9255
12.911
96.963
1.2094
125.88
10.81
2.4619
27.931
28.346
140.77
183.26
1.0672
22.347
78.51
3.5011
0.22872
11.23
0.93306
11.944
0.10166
2.1618
0.31727
4.2347
0.2495
91.101
124.42
1.87
127.97
21.533
25.389
35.247
15.185
48.808
8.1783
122.88
1.0726
209.43
27.188
44.455
0.090046
50.307
3.3424
109.05
12.441
22.389
2.4203
2.7615
10.309
0.21667
17.32
0.92547
0.63795
8.1488
23.006
24.363
162.26
1.1619
9.4026
0.56247
5.6902
1.9683
2.0719
2.8124
41.007
74.942
0.74097
6.9731
4.2077
20.686
0
6.6231
4.6541
16.496
1.6057
2.4569
0.65532
2.0383
1.6839
27.443
13.869
1.4899
38.077
26.605
3.3718
2.2113
72.551
5.5438
28.756
2.467
5.4977
8.7857
0.46229
7.5394
7.9616
0.15385
1.1532
8.7576
22.47
15.682
17.199
91.929
3.0763
23.301
4.0796
75.767
24.638
26.857
3.4851
2.2773
4.7593
0.16387
1.8747
18.105
96.875
148.41
71.573
81.029
0.072459
9.2105
14.436
1.0513
71.36
6.5944
15.563
5.4901
0.25127
0.10446
0.20589
62.802
3.9005
8.0704
1.6429
0.11343
17.579
26.164
8.4404
0.11712
18.425
14.858
12.147
3.133
40.662
13.588
0.10253
33.727
9.7506
2.4031
0.87511
36.976
98.178
23.185
5.6199
0
0.1186
12.348
0.93544
7.6068
86.981
32.432
15.267
63.513
33.685
67.763
7.8346
46.016
1.6228
46.824
20.149
7.5977
0.010441
17.664
66.605
2.7176
2.5799
6.3674
71.453
4.4102
5.4902
29.827
46.378
14.976
1.6852
2.6509
7.0028
1.2254
15.298
6.2471
1.8714
39.108
0.30503
2.3483
2.2731
9.1605
0.23657
16.591
0
6.4556
0.83846
14.839
40.757
4.6258
4.7589
24.718
27.261
0.60098
3.792
13.826
26.204
0.26537
20.438
0.37277
2.8364
29.839
18.818
1.2592
2.2304
0.61205
5.5048
0.12676
26.215
12.956
0.31464
17.839
0
4.5917
153.13
16.143
18.047
28.592
161.24
7.7978
0.60306
25.581
4.6819
0.054877
0.59485
3.4734
9.9149
1.641
23.408
0.050858
0.86101
0.027782
3.9823
17.044
0.65784
17.08
7.4151
0.11329
1.7528
5.241
0.33208
0.078202
0.00037395
14.657
27.974
2.8568
0.78451
34.518
28.04
4.0038
162.22
0.75626
18.547
19.349
0.026619
9.0931
30.658
2.7546
0.0049533
7.562
5.0991
0.52379
53.646
237.45
0.23315
105.13
4.0237
18.697
59.609
0.75936
3.382
121.45
14.672
2.324
0.57853
0.038073
7.8405
68.515
25.155
110.52
1.0704
46.656
1.1702
8.3999
20.957
27.981
37.745
152.08
88.672
1.5079
3.8865
103.8
0.81524
8.3268
2.6141
7.3189
6.8363
2.2345
1.2688
20.964
53.142
11.107
9.563
0.76707
0.31227
27.634
21.947
0.76311
58.33
11.51
0.32323
8.1097
0.46338
7.3375
50.476
2.9333
55.411
1.533
10.532
2.6174
0.76171
42.568
15.653
0.11195
0.87874
0.96307
86.659
8.2827
8.8904
40.519
3.423
12.286
96.006
3.6115
7.7333
11.507
18.015
0
0.34637
3.081
78.687
0.78489
59.013
0.0015483
4.2227
13.176
2.4218
22.27
22.635
1.4064
22.929
0.045151
0.19985
3.2291
8.7337
155.84
0.024784
0.77776
21.542
32.457
1.5448
50.331
2.2266
19.528
1.0539
1.8076
0.76094
5.0165
0.99462
2.4641
36.502
82.073
3.497
76.675
28.092
0.22459
8.7342
12.601
3.7456
37.783
7.5326
1.0766
0.36902
24.365
0.72452
2.2497
2.4859
24.978
2.7118
38.143
0.88846
47.678
87.058
11.184
0.098139
9.2776
0.59406
25.558
0.29838
17.844
25.063
2.86
0.28624
2.4546
0.27935
45.114
36.586
94.662
170.82
2.5291
16.122
18.646
5.7288
2.9467
84.826
0.5015
0.32178
2.513
9.8029
211.51
0.8667
1.1169
45.717
21.778
2.938
32.512
151.28
21.567
36.359
5.0953
0.60792
2.4726
118.46
8.4259
30.239
27.935
0.089352
4.0984
111.52
5.8766
41.736
0.22708
0.64172
5.7738
90.416
4.9577
0.23905
11.27
71.528
125.61
0.63964
29.216
1.2261
11.199
51.223
4.6361
18.872
3.2749
0.2876
0.65551
46.303
13.254
120.37
2.4056
0.056993
0.58359
10.728
73.264
0.04587
3.609
0.65392
1.1346
14.857
20.57
10.358
0
1.9695
0.030951
1.6905
35.997
38.398
10.398
10.041
2.8729
26.713
1.8174
33.345
15.669
1.3384
0.78296
52.879
3.6239
181.27
2.0141
17.723
0.25595
4.5698
0.049465
135.36
15.731
25.826
2.2111
8.6707
0.029049
9.2784
15.88
5.2875
3.565
10.018
0.53
0.02673
105.18
0.55436
0.2806
13.095
1.6469
0
57.784
22.875
8.0917
2.0032
3.5414
22.478
111.14
19.637
13.962
2.7132
22.361
0.16155
5.1492
23.573
37.63
140.01
6.1436
10.972
1.7179
29.974
33.107
1.5317
2.1145
3.2211
53.624
328.39
1.9348
13.106
17.474
3.7445
28.274
13.803
3.436
10.55
46.146
12.814
44.652
0.74624
57.54
5.549
3.59
58.184
9.5508
9.8437
18.789
4.1701
36.832
0.041206
17.437
1.5347
0.15418
17.009
7.508
96.944
26.434
0.064949
9.624
4.1831
19.145
3.2683
1.987
25.441
55.847
5.7282
5.1119
9.8445
0.25715
21.103
11.124
1.0411
1.6046
52.889
47.475
17.304
5.545
3.9932
106.13
54.217
0.056127
6.5926
106.56
2.0206
3.3358
7.4209
75.276
16.938
37.019
13.521
0.70235
4.535
1.3085
8.5993
6.0379
23.842
1.5942
14.414
120.38
2.4763
0.1763
60.476
0.025485
27.322
3.2082
4.0178
28.298
0.32883
2.3641
1.1218
0.13888
0.45138
1.6432
55.34
8.8632
38.072
1.9069
0.94249
0.88372
0
0.034992
6.2612
0.4219
1.3385
0.048952
0.14861
3.5042
10.155
0
13.017
0.12158
17.257
243.28
0.63902
18.25
31.729
49.797
1.1124
10.036
5.8534
148.38
138.66
5.7335
0.072922
1.5861
66.53
0.061432
7.3979
0.16182
6.76
9.6915
0.14733
22.373
7.7605
0.53884
16.635
5.839
18.929
7.845
191.97
2.3026
1.8855
4.7219
0.077088
12.683
3.5333
7.322
306.84
0.034886
16.654
0.010261
1.3052
170.79
0.6949
21.274
8.3409
1.0538
48.409
10.455
0.026439
24.863
4.1658
1.7936
13.768
0.58949
56.391
20.859
0.22879
3.6085
8.1064
0.36474
18.615
239.27
2.6799
1.026
1.308
1.4808
39.454
166.73
1.2065
4.0255
10.085
36.119
2.7883
5.5597
66.935
2.732
13.304
4.3156
0
17.596
2.0516
59.083
4.825
8.7987
279.25
43.039
2.7395
35.612
58.178
15.327
12.175
3.0814
7.0087
11.962
0.47054
18.613
23.259
38.356
41.012
8.6603
0.67763
0.60099
1.693
1.0339
64.798
14.985
1.3249
6.5441
6.2792
11.886
28.852
4.3695
43.829
18.135
0.021126
1.5211
31.859
5.2654
15.064
95.268
0.26644
7.087
30.224
5.9085
0.26585
21.067
0.91077
22.51
24.402
25.103
22.818
8.612
1.8948
121.2
2.5858
14.437
39.792
1.8092
2.7443
1.1108
4.1409
1.2285
275.26
3.0822
11.034
0.72187
57.385
0.19464
3.7356
5.6843
30.468
83.353
0.619
23.159
5.5931
2.8328
0.55412
83.584
22.968
14.134
2.8262
4.6166
15.07
157.65
0.27664
13.652
119.61
3.9707
1.443
0.27143
0.30657
0.34304
0.15817
2.542
2.3025
16.806
25.433
0.26092
48.829
109.02
3.831
58.014
52.367
0.032989
3.3205
2.8139
4.3837
0.013138
0.91146
6.0889
2.1911
0.1971
1.2045
53.267
36.674
90.63
2.4763
6.1123
1.6708
3.0872
110.39
2.8435
90.141
3.9686
31.112
36.95
3.1608
6.798
14.519
31.253
0.73307
5.0125
20.345
36.079
60.572
29.569
6.2015
40.786
109.18
2.2401
7.0463
82.898
29.989
10.128
0.30587
48.463
0.067522
15.921
0.033745
4.6854
18.324
8.8238
2.5779
36.175
26.487
12.05
0.096269
0.39656
7.1294
18.584
0.75738
0.44943
8.3062
12.955
0.41413
0.50441
1.6517
2.3991
20.296
25.699
23.246
0.51694
1.1001
42.362
99.256
57.27
55.631
34.902
9.2726
106.12
44.962
79.517
9.5709
10.826
17.943
69.594
15.848
20.533
0.13388
35.908
36.582
2.4825
18.516
2.33
27.77
51.643
3.5814
2.8581
41.164
8.0123
15.135
6.3788
27.471
1.8674
0.33028
6.4693
6.7694
2.3204
2.9945
0.10857
0.43965
17.099
2.6334
8.9898
5.8448
47.641
53.209
1.794
2.4725
67.52
83.419
43.54
81.567
115.67
58.485
16.757
1.4859
8.7712
0.83853
143.98
2.3955
3.5625
0.87125
11.674
27.467
0.19344
1.2418
2.1361
7.2338
22.873
3.1432
17.579
3.7138
0.069003
5.7486
31.152
9.7233
37.478
1.9709
0.89147
51.212
7.7492
0.10512
18.116
106.36
0.10453
0.15994
3.6407
20.607
0.33907
2.1366
4.1567
5.18
39.324
198.71
103.69
0.031774
0.077548
15.994
5.9052
3.8919
1.1924
0.95223
6.1473
2.9112
10.042
8.3404
6.1042
20.729
2.3021
3.6392
92.026
8.3228
57.436
19.775
0.15273
3.6385
7.9272
39.578
33.034
32.425
0.48755
0.10662
51.33
15.994
0.03132
37.751
97.031
5.6761
90.447
1.4719
5.1456
74.777
0.10302
25.642
83.885
10.709
4.1038
0.23333
0
5.9677
5.526
1.6109
0.78419
12.2
16.4
1.8444
2.5691
32.898
28.532
4.249
107.65
52.861
7.633
0
91.96
15.364
1.9934
0.30829
31.989
30.094
26.927
10.321
12.157
26.541
2.0289
11.196
9.0501
9.7756
4.9578
36.067
1.543
1.3767
71.199
12.115
2.6593
9.4539
100.96
1.9311
8.022
8.4956
2.6748
0.15569
0.72377
60.494
0.82103
8.9482
12.152
55.864
59.984
0.81423
1.8607
0.14302
9.111
1.1342
4.6316
15.508
131.44
19.403
0.20566
28.387
103.04
40.65
67.04
3.9623
1.0093
10.977
0.23829
26.67
63.677
1.6767
1.6898
4.4319
0.72721
0.35977
2.7179
0.019771
14.083
15.525
2.4833
52.647
1.3615
0.14503
21.207
65.167
1.0148
0.093262
2.1126
4.2945
11.464
6.9375
4.243
2.3405
0.0040076
6.8673
29.218
81.861
100.71
0.3283
66.055
6.0749
1.3003
0.065396
0.66601
104.63
4.4642
7.4348
5.763
6.1302
46.635
33.071
2.1249
0.81562
2.3929
1.6418
0.0058448
1.1507
44.324
53.735
15.206
13.937
10.024
10.475
28.893
4.1751
1.204
6.8576
0.81772
7.781
79.041
10.907
3.7682
0.61172
21.892
2.0088
6.5477
0.88658
31.662
24.624
0.31153
16.071
0.76317
163.01
2.051
0.83808
1.6168
135.51
87.731
4.6768
94.636
0.15875
4.9165
60.216
34.877
18.115
41.818
14.03
5.8723
67.541
90.573
11.619
0.38111
22.101
32.668
31.989
52.79
6.3433
0.84807
4.9896
26.71
228.05
52.116
47.715
0
2.2577
2.1528
51.819
1.94
2.4677
9.0933
33.378
0.90328
0.22613
48.913
5.5799
10.926
36.271
113.43
5.3555
25.771
22.732
11.823
63.872
0.93864
0.82491
5.5867
0.092732
116.87
59.514
9.2892
5.8828
0.16131
6.3755
102.37
0.44249
7.9065
11.844
3.0049
0.20591
2.4539
64.62
3.2057
23.395
32.617
40.043
55.003
10.466
9.9204
3.1496
89.367
5.0909
35.47
1.458
8.5201
19.931
0.80965
45.614
1.493
1.4462
1.9612
40.018
2.6546
6.7582
36.281
0.2431
0.51524
7.3174
8.2404
9.6663
7.3451
3.9231
0.016981
0.42022
0.87417
7.426
18.504
1.7715
55.691
5.3628
0.83202
22.184
57.698
0.032663
0.36426
2.6563
0.041283
0.3351
11.865
48.603
62.442
9.3876
0.94354
0.67652
29.721
72.275
4.7078
79.08
20.126
5.6324
5.2639
91.396
85.139
1.2872
2.0553
0.59772
8.6515
19.043
11.138
1.4478
64.234
0.090027
110.64
10.212
0.96561
0.071048
53.141
16.157
16.832
0.16884
4.9115
11.86
5.4339
3.2617
20.64
8.0567
10.749
98.145
0.14402
14.404
125.08
10.548
30.565
33.837
0.77572
0.13156
30.871
27.37
96.089
4.8321
0.95307
2.9475
34.213
8.3375
2.2083
30.437
0.18375
16.626
5.7572
36.201
47.535
77.076
42.958
59.64
6.557
30.968
1.0987
44.648
21.901
26.162
0.11714
97.477
53.441
0.18475
7.0131
10.299
38.633
0.36711
13.831
37.222
5.5588
0.55055
1.2759
8.485
0.18017
1.7253
1.3718
11.727
1.3931
3.7057
17.703
19.756
0
38.74
7.167
0.057333
5.8917
0.66672
6.4953
20.931
17.437
0.69033
0.79001
22.429
54.973
21.754
97.833
10.035
1.1224
5.6381
60.635
0.3566
2.9712
3.9903
8.1693
1.4028
117.37
1.1596
86.737
5.124
47.703
94.167
5.9137
84.134
45.545
10.206
18.378
0.19311
0.10667
11.531
0.073329
2.2959
0.48387
0.82954
7.5099
15.555
0.20993
79.276
3.8455
5.8556
34.033
3.0973
29.57
16.276
0.40689
58.25
4.1375
77.68
35.122
4.2115
20.117
6.5673
0.19691
11.672
0.49735
98.342
0.48838
13.683
0.38759
8.8253
2.0429
52.829
0.1223
5.5739
0.1636
0.14489
0.28828
1.1958
1.3232
5.7215
0.70875
28.166
18.78
25.299
0
6.1594
8.2188
202.74
19.097
215.85
8.0697
3.0887
88.798
0.38366
2.3886
0
0.18296
4.705
8.5608
2.2835
3.3412
78.759
1.0519
0.31234
23.304
12.689
83.792
0.068906
0.20719
43.94
16.584
1.4852
16.502
0.44949
44.635
7.5904
0.51221
11.726
6.353
71.015
4.9935
4.0232
58.616
2.8469
35.039
27.719
49.852
0
0.53988
319.95
0.44868
3.7407
4.8277
1.0816
34.327
10.762
93.736
0.47686
0.54722
36.519
0
24.466
63.705
2.3746
180.87
13.07
3.5752
103.81
1.6462
54.659
11.13
64.701
16.5
18.974
5.1694
117.98
114.94
0.31949
30.011
102.34
1.7104
81.077
7.0187
5.0009
93.383
17.167
0.97149
17.35
63.345
16.01
118.08
12.872
52.821
2.4886
91.019
45.786
1.1076
1.9342
1.5147
1.2599
173.57
16.376
15.417
12.369
8.9314
72.011
8.9347
2.6467
115.47
84.711
0.60234
12.14
24.663
8.7592
3.341
14.782
3.9274
6.2079
0.60652
0.15127
3.0865
42.857
56.565
2.3357
5.8904
15.892
3.9242
4.0645
232.34
3.8574
8.5825
32.103
302
0.027325
0.3927
3.3184
0.39199
6.9403
35.986
3.2978
0.70388
7.3761
2.5963
0.051961
1.0724
23.807
15.104
56.659
57.928
0.098803
9.884
3.0633
1.8341
2.2285
0.52278
37.989
0
60.881
20.283
4.8278
7.6213
137.96
1.5403
38.489
114.45
0.044068
6.3869
5.4913
0.19686
0.067196
1.9219
7.5948
38.452
22.7
0.15576
6.801
8.261
12.647
11.765
108.8
1.8145
0.1769
6.2998
7.5008
0.63977
29.199
4.5485
0.15194
6.7919
2.0532
20.602
0.78675
13.375
42.746
25.282
1.5614
11.433
33.468
9.376
0.14504
20.736
18.628
1.7565
74.456
33.932
24.351
0
2.5469
58.49
7.174
0.43048
2.9255
27.187
10.485
75.361
3.5814
5.2229
277.36
71.119
3.3534
0.42895
12.088
81.359
2.4962
3.4825
0.13571
7.9313
3.3543
0.33249
8.447
131.11
0.68049
86.827
43.736
0.81558
0.23979
183.26
14.032
19.246
0.083597
100.17
60.434
6.125
87.747
0.10698
1.6845
1.8865
0.68258
6.1731
1.443
0
9.3651
2.3786
1.7519
9.6057
0.46759
40.408
60.036
284.19
0.43699
3.7704
15.209
0.47786
56.142
1.537
0.15951
10.216
2.085
1.2819
0.11989
4.3624
9.5971
13.128
0.96522
1.3946
1.098
8.0977
0.75377
10.043
156.21
0.57405
36.976
8.0078
43.062
20.777
16.236
19.865
1.0875
5.9089
0.25584
9.4037
17.5
2.0578
2.0045
3.5486
17.078
0.1471
24.045
187.64
1.5241
73.028
29.23
33.524
0.91166
4.7862
46.123
0.20194
1.2801
0.81101
1.8084
48.302
0.24625
2.7453
14.888
24.856
0.079206
39.499
10.783
2.0196
9.7853
8.8682
268.47
0.29265
0.80799
3.6928
0.2059
36.156
8.2941
33.02
56.134
8.1906
0.41396
32.556
71.635
1.9912
130.75
13.351
0.12697
134.02
5.3211
32.782
0.47264
64.595
224.03
45.471
5.6048
1.7049
52.598
1.3289
5.3838
14.137
128.28
28.669
14.69
0.027812
0.53751
0.13183
0.022047
27.885
15.246
25.385
1.1848
50.442
4.2518
0
10.608
123.43
1.3544
12.309
52.968
0.84433
78.428
5.4028
269.74
0.74071
103.86
25.28
5.3477
12.681
29.505
0.044694
87.548
0.3506
1.8544
0.38974
1.2308
55.031
74.956
5.3835
62.368
1.0636
106.36
3.4975
27.754
7.9876
2.0499
37.317
1.5448
0.65562
0.89498
21.277
8.5972
2.3805
1.0374
0.59598
0.78152
0.75205
2.1712
73.142
0.025238
50.526
0.81785
6.6095
68.649
5.9858
7.8849
6.0788
14.103
10.698
39.95
1.6036
0.2717
2.2684
6.303
5.1485
45.128
1.9219
134.17
4.1477
0.68105
109.17
2.3321
2.7519
5.8326
0.71141
16.255
32.576
6.889
66.131
0.41291
4.199
11.219
15.845
0.46184
2.4875
31.957
1.0077
27.72
0.46656
4.6272
4.2373
2.4137
107.5
1.3743
3.8091
0.54756
45.464
30.297
0.83431
19.319
0.58348
31.115
35.131
86.621
4.2256
11.621
12.062
267.19
4.0576
134.48
92.909
1.3435
4.9744
259.67
0.092047
4.9564
6.6158
47.991
51.031
0.17759
2.0928
5.0217
1.8472
72.074
0.056752
1.5825
120.26
1.7095
6.0352
21.973
13.399
77.141
6.4209
9.1042
1.5222
14.892
0.51315
2.0965
43.323
121.53
6.2301
22.468
62.473
7.3657
0.28987
21.401
0.6964
4.8967
13.103
104.75
0.046301
46.621
11.568
1.2858
106.34
8.3654
6.3157
2.9847
22.916
12.225
1.3095
66.726
6.2576
73.269
14.299
232.52
10.389
17.317
0.067273
0.56126
0.16496
49.201
104.61
3.8589
10.928
37.745
66.083
46.168
11.078
0.45211
17.127
59.12
3.5562
43.025
24.247
0.24773
3.3298
28.872
0.65053
1.4427
0.49586
28.451
13.718
6.1429
35.906
20.664
3.3733
0.69544
77.839
0.39054
61.67
2.9997
5.91
0
33.227
1.6315
0.52289
17.682
18.635
0.99503
0.16923
7.4691
10.087
0.011367
0.64363
6.8882
2.1598
18.611
0.039754
0.073088
0.33979
20.157
10.274
0.0419
2.1951
1.7012
3.5299
3.9474
0.36743
150.01
3.8176
29.652
7.3971
106.25
65.135
64.739
20.782
0.96349
16.279
3.581
9.75
5.518
0.68668
0.68216
8.9453
0.044787
0.92821
1.3435
0.50484
2.5158
33.502
13.472
3.0422
16.816
19.083
20.111
10.617
1.1185
22.024
26.537
8.7402
0.41945
7.0041
233.29
119.74
60.199
80.813
13.052
7.6852
107.67
13.381
18.809
95.504
22.015
20.768
6.1996
0.36077
34.647
11.199
135.53
0.93057
0.24001
3.1213
17.686
0.28158
0.70165
1.9709
12.96
52.123
0.082044
0.43331
0.48795
150.82
13.133
25.186
5.2348
53.338
1.4035
20.107
12.89
4.8032
19.749
5.1807
1.6182
141.6
0.65172
0.86765
1.5206
12.039
32.372
1.1418
17.578
0.82311
100.52
61.127
7.248
28.895
5.1327
4.3959
72.528
7.6387
8.2688
28.644
0.27329
34.923
135.18
0.43017
0.04502
20.233
3.7421
3.741
51.936
0.1888
0.02237
29.658
10.452
0.18967
4.1483
1.5184
1.1728
5.3075
9.9321
0.58709
30.005
128.87
49.608
20.611
21.884
4.7323
43.76
6.8168
0.34657
0.40858
1.5378
7.1922
0.18691
0.15229
20.608
7.2905
0.10394
1.8743
6.9856
37.92
2.2078
15.031
24.814
59.98
0.14742
4.0996
4.4811
37.536
20.983
19.9
2.5778
39.155
0.43291
113.11
15.543
0.087119
5.8979
4.4722
0.83728
0.12996
10.192
43.269
1.4784e-05
8.779
0.37666
16.401
0.31218
4.1974
5.4609
19.568
6.4979
47.031
56.104
78.155
30.475
1.8201
1.9714
0.84213
6.3635
216.92
150.28
0.0049465
19.976
51.157
3.2653
3.3162
0.65773
6.9248
64.559
127.22
4.2094
32.586
23.604
0.48732
151.09
29.807
0.0080256
27.459
19.354
5.1767
17.328
57.23
0.89988
128.84
23.607
14.297
11.907
1.5001
0.88113
59.246
10.261
2.2563
0.81686
0.61168
3.5093
19.574
51.522
62.636
0.38115
197.23
9.5934
22.27
7.7848
0.39127
1.2945
0.012919
2.5183
35.306
10.376
182.29
0.55016
21.43
0
1.055
0.027684
7.983
1.053
27.275
4.2081
55.362
93.63
1.316
24.306
65.293
1.2676
0.58163
0.1131
14.696
0.067592
18.896
0.67556
14.134
0
9.0617
0.39217
20.806
64.528
0.4143
5.5048
5.0001
20.469
57.701
20.46
10.846
4.9894
55.435
84.123
0.52911
6.6545
15.727
16.887
54.242
4.292
59.205
10.295
5.2588
0.64618
0.13571
22.292
0.024613
4.3189
0.022296
12.73
1.8218
0.45125
7.3736
0.088503
4.2856
21.878
51.47
0.049922
0.9897
35.456
27.032
45.504
2.7277
0.72457
9.451
103.5
27.32
3.8797
3.3214
8.0701
6.9274
11.071
20.303
0.30818
0.91376
0.069915
1.5925
9.1284
36.451
0.77461
60.203
17.797
0.92011
2.3177
113.56
0.28804
2.4314
47.495
50.324
73.079
86.807
26.702
3.0167
15.225
145.06
28.715
213.36
17.9
0.0093493
0.45296
1.6747
1.834
23.925
0
1.237
48.291
37.884
383.5
4.9946
13.238
43.666
793.01
1.1137
20.04
100.21
5.6153
0.58145
11.378
0.52083
9.4258
0.38196
27.651
3.2655
20.767
11.071
0.87374
6.2667
34.064
0.5086
1.1177
0.24491
167.33
10.191
8.1912
0.17505
0.10224
12.266
81.79
4.0678
9.2438
61.781
5.8533
32.57
4.5657
0.28866
57.514
76.62
22.416
41.395
12.39
21.86
36.456
8.8821
15.843
140.09
148.46
39.983
7.553
38.506
3.1163
125.6
0.012678
2.6297
3.8684
17.773
0.18945
1.9231
2.0854
0.15941
0.94703
38.011
4.6305
3.0139
18.858
72.713
7.903
3.9135
0.67413
0.043351
9.6339
49.626
1.7422
0.21822
13.02
4.5197
1.2758
0.022543
24.203
39.716
0.14433
8.0237
0.26829
7.5993
39.122
5.4754
11.821
69.035
16.619
7.1127
14.763
108.02
7.766
5.6951
8.0983
23.113
4.2589
38.34
1.6529
40.646
0.46918
150.59
0.60775
18.888
14.762
25.682
5.3464
10.333
0.58628
21.981
82.091
4.0018
42.169
5.3372
2.2683
0.22383
21.501
7.2828
23.157
6.9273
0
0.040516
49.681
12.475
62.114
0.015615
46.355
1.1875
0.26182
47.716
66.234
13.714
2.1324
25.398
0.45687
0.21002
2.3698
0.13724
2.5709
14.136
3.5679
2.2435
13.839
126.63
31.864
0.40046
1.0932
71.762
18.923
13.381
0
2.2664
0.51027
4.4431
3.0312
45.543
48.154
15.427
67.933
7.1465
5.1813
2.0986
3.4974
179.86
20.59
0.045567
40.896
58.088
3.6049
26.893
0.20159
12.891
7.9057
40.072
124.8
2.2118
9.5276
8.039
46.734
18.548
133.07
0.67896
179.27
56.314
7.5278
15.467
63.76
62.663
27.049
20.567
12.648
0.34916
0.072638
268.96
39.41
2.9357
1.6847
0.31522
0.75525
28.486
8.4859
0.02621
3.8032
2.4014
1.676
86.674
47.032
0.3748
17.352
1.4883
22.338
2.0938
7.7406
32.019
2.9368
0.47784
1.2721
6.7013
0.41624
12.182
5.2318
1.3609
73.936
2.1863
2.2032
7.8536
5.322
39.369
7.0568
22.68
9.4138
8.7548
44.578
2.319
3.8485
15.916
46.691
0.289
111.54
23.667
36.405
78.364
7.8647
0.3637
1.5844
0.015715
2.3251
0.74513
78.781
1.6275
1.6904
9.0187
1.4318
1.5752
5.4312
19.811
5.7142
12.848
7.6023
8.5143
2.6102
30.008
0.065086
21.103
0.90029
7.2248
1.2134
3.736
44.826
4.0607
123.62
0.90786
0.88401
15.889
0.70254
12.539
2.32
4.7619
9.7586
1.4003
0.38635
14.395
3.0781
0.95335
256.82
28.259
0.49476
0.065541
68.553
7.4842
0.56079
46.149
54.674
2.1838
119.26
75.014
40.114
0.85626
0.44989
0.14611
70.574
8.3885
12.05
0.54025
9.658
0.25843
10.106
6.9672
0.017603
3.3991
9.2683
0.55825
36.936
0.56479
16.773
1.1374
0.58839
27.168
21.61
1.1417
7.9502
11.864
0.19402
7.4261
74.827
1.7846
12.995
68.621
103.66
9.8302
17.062
2.3141
3.8604
107.32
0.66629
1.4101
1.4377
0.9493
64.923
2.3185
2.8058
0.18273
125.63
3.1336
41.982
5.392
6.681
7.4652
0.99499
36.54
36.708
4.5955
1.3935
0.26727
2.718
4.5863
25.291
0.44604
111.55
1.484
75.391
6.9217
12.623
1.665
32.57
0.44086
0.98531
7.2927
1.9722
4.3385
10.456
43.122
46.502
5.6704
96.263
55.207
6.9976
1.5477
16.714
0.56326
90.534
0
0.12746
1.5135
55.664
11.705
0
1.6188
21.429
48.898
16.131
27.438
59.899
1.4755
15.186
1.8591
20.98
0.43441
11.366
8.5271
21.694
1.5892
10.521
13.709
96.894
0.95434
3.0422
111.88
5.8782
4.905
21.154
81.135
13.339
1.2191
0.78448
97.376
1.0158
0.37347
0.84753
0.32321
0.51065
8.0813
8.573
10.809
0.095618
2.3978e-05
55.047
0.14949
66.011
3.6161
1.5942
5.3488
5.1365
12.329
3.39
18.283
44.402
3.4847
75.589
47.15
9.5539
27.287
39.12
104.35
1.4216
2.3955
91.559
6.2883
1.7389
6.5459
0.63208
56.851
0.96151
42.627
4.3051
7.1197
8.1094
0.68764
0.11431
6.1245
2.4703
0.081446
3.3212
21.641
0.047371
2.2585
0.36548
1.0215
22.55
0.055275
18.997
2.751
7.314
0.043812
2.4063
37.078
15.531
79.185
9.6625
2.3247
1.7373
38.369
10.558
1.8602
67.831
5.7856
138.68
98.618
9.5216
1.1266
8.5856
59.795
8.2825
93.813
2.273
42.531
4.7645
43.839
1.1405
0.36961
5.3235
12.135
46.244
1.86
79.231
20.919
135.75
0.068698
15.56
16.126
24.048
2.1862
13.221
17.325
20.434
2.6013
5.0034
0.26431
8.6924
0.82473
48.689
27.566
16.21
68.65
0.62034
18.349
26.658
6.7225
13.48
17.355
62.695
35.404
0.21245
79.857
9.0704
111.67
27.349
132.58
3.9882
16.038
1.146
6.0435
0.012032
29.691
0.45434
0.65016
5.4999
36.644
11.355
39.713
18.871
17.297
1.2711
1.7486
8.7808
111.85
38.979
5.0206
0.023868
28.152
6.3316
49.069
21.281
8.6362
22.372
0.48016
6.3602
2.4122
19.496
6.9651
19.167
61.818
0.25382
1.0642
33.204
80.273
26.706
0.47029
1.0843
0.62485
31.595
73.623
20.866
2.9336
0
0.062727
95.655
0.024396
22.809
0.83695
6.6267
26.601
0.23092
4.3105
0.0087946
23.322
5.946
269.84
73.379
15.015
84.162
0.054584
10.244
0.51436
94.283
2.4945
5.9552
0.091738
0.018399
3.53
50.233
195.28
3.0531
44.155
6.9572
46.597
1.0436
1.8692
8.4025
11.818
50.092
67.119
11.406
0.018545
0.90976
0.22027
1.0963
4.5734
18.076
24.711
33.039
0.33702
19.733
7.5746
0.12279
26.809
214.01
0.04629
10.62
6.4022
2.7327
0.093249
29.447
10.428
148.87
7.7424
52.391
6.2721
1.158
4.5305
7.203
0.93095
59.578
0.35047
3.3555
0.74807
9.601
35.328
49.663
28.034
88.234
0.33149
54.45
11.428
2.5093
4.5859
35.231
19.14
0.5524
27.987
13.538
2.5477
0.17164
13.867
104.38
38.702
2.7504
0.65673
10.117
25.191
0.54604
20.966
15.848
46.184
0.24703
51.323
5.4196
0.55257
6.2226
57.349
27.065
15.187
80.685
0.41183
0.22133
7.1768
161.43
14.066
22.155
38.746
0.11345
6.7541
87.074
43.363
17.448
0.18477
3.6234
2.8867
37.709
20.332
0.88337
29.713
6.8026
6.112
0.071975
3.9667
53.313
3.6097
65.409
14.277
9.7145
1.6847
107.3
41.533
5.25
0.79925
1.9274
6.4799
41.958
29.396
2.2952
50.641
0.246
26.884
15.646
3.1031
0.23303
0.014235
42.491
5.0389
9.3801
0.43591
18.989
0.33305
23.548
3.2671
56.05
51.035
64.648
19.748
23.342
202.84
3.4575
59.814
0
19.01
9.4236
58.272
0.8886
4.2864
3.7181
0.074633
0.38172
1.5169
28.597
0.11239
1.0302
96.184
2.0605
0.055727
4.0955
0.059908
0.90828
7.5485
10.783
2.4755
2.7355
2.6965
0.48223
4.5407
5.098
0.12921
4.2026
2.7001
18.982
98.441
2.1784
35.152
0.31805
23.373
1.1147
90.004
46.577
2.0509
14.21
44.726
156
16.826
21.798
0.26263
6.439
1.5417
24.354
1.2071
19.646
0.18249
0.86314
12.358
0.71236
11.299
7.5459
19.423
6.3441
1.728
4.1275
11.602
26.724
0.58246
106.6
2.2992
0.46367
9.3042
14.963
0.058778
0.95757
3.2519
0.082738
38.071
46.211
11.058
3.5587
0.70965
0.10589
19.384
1.131
6.5359
20.839
190.6
7.8806
2.701
1.5458
0.20567
212.14
39.986
5.1145
46.313
0.16269
0.0011012
14.445
21.354
36.863
0.88967
2.6708
5.5072
5.5809
0.65679
85.109
25.632
34.173
3.5519
38.089
3.8235
18.754
2.933
1.5225
71.183
9.7293
76.94
3.8977
5.6278
9.3529
41.486
4.7128
170.42
50.921
7.5032
1.7037
41.625
41.93
82.862
9.9269
4.3117
3.6306
0.91822
2.0963
0.53349
0.066299
0.029508
88.887
16.312
3.8014
231.46
0.38167
2.0434
4.0802
76.587
71.206
0.22136
5.9437
15.001
0.010305
0.1364
2.3179
0.7427
3.856
0.26206
12.034
55.298
1.2506
0.081361
20.847
0.49202
43.647
3.652
3.3217
4.9066
1.6988
109.01
0.27485
6.5343
16.349
1.4953
0.18003
1.1386
10.946
13.793
2.696
0.86485
0.29954
0.03466
39.205
0.22285
2.5946
2.0525
136.1
16.62
0.095756
10.374
13.758
50.772
3.5016
95.317
173.99
1.5955
78.332
1.053
154.69
11.379
31.08
3.1685
116.04
2.6456
11.312
13.438
0.0086097
1.4382
65.992
5.9328
58.09
4.4046
2.7898
4.1257
10.288
103.1
6.1049
30.328
3.3056
29.244
4.8676
13.023
14.839
10.041
0
8.1695
35.006
22.693
21.854
4.0884
0.27181
0.85411
26.98
66.518
43.901
36.724
7.9116
0.29425
21.402
35.332
0.11334
1.2815
7.8842
0.20025
0.46725
6.1927
1.5278
104.28
83.555
120.4
134.27
2.32
35.243
1.1111
34.353
18.23
39.037
41.44
3.9614
51.059
21.779
31.738
15.785
0.10032
0.54019
47.394
2.4697
2.4635
19.746
1.6108
29.041
22.941
48.927
29.027
0.68136
5.8963
110.42
0.21783
0.96102
0.65287
0.9965
228.49
16.065
58.425
0.95353
15.484
0.5152
1.0202
8.7884
3.1461
0.78412
3.6023
3.7403
4.6078
55.102
1.1453
29.641
4.9577
6.1195
6.6058
22.881
0.43912
40.709
12.859
22.372
4.0326
3.5232
1.8801
39.316
2.3182
3.7568
8.5692
0.0062262
0.69231
40.064
39.124
96.06
8.1549
7.1769
0.70633
0.062504
10.409
0.30448
0
0.24545
0.093819
17.907
441.77
0.20539
0.3447
150.55
7.4998
28.937
0.10404
19.371
0.88041
2.8817
0
19.104
0.65474
0.076587
10.695
5.996
50.996
1.4218
40.275
3.9978
35.816
34.402
32.667
44.346
71.204
0.059082
23.204
6.6575
109.15
10.995
0.37926
0.95803
0.097508
4.989
0.64308
28.959
13.856
0.43327
0.048659
8.574
23.861
1.514
43.211
6.5798
0.1561
27.776
13.141
1.1253
0.18382
22.719
6.1552
22.367
0
42.2
11.766
55.784
15.937
439.83
2.1227
0.67067
0.37678
4.0506
16.538
7.1095
133.83
94.115
20.491
6.2736
7.5402
67.242
6.8893
18.039
13.97
57.801
12.959
0.15026
18.013
44.419
0.396
0.76461
53.325
2.077
121.77
36.211
11.065
44.524
3.8135
1.346
28.997
0.89909
2.7577
88.297
0.17645
1.7677
31.208
28.586
0.15393
1.0323
4.6467
13.783
0.17297
11.119
22.925
8.7506
10.685
8.1237
7.7391
0.074314
26.306
28.713
143.49
130.92
132.67
76.023
144.75
3.8151
100.37
0.28656
12.775
0.86155
53.846
98.854
32.655
4.253
37.715
5.3275
11.812
79.577
0.66948
30.565
34.794
2.3174
73.153
55.818
31.106
73.041
13.238
1.5182
39.085
6.8673
67.568
17.963
52.657
6.7015
109.48
29.545
0.63131
48.955
0.53518
4.0138
30.236
0.27636
4.9224
1.1298
1.2355
5.0684
2.313
0.038112
24.526
3.9219
0.819
1.4705
19.926
44.956
2.1244
13.844
5.5275
2.8553
42.916
21.667
12.339
8.6388
1.2947
16.01
24.317
3.8254
2.9369
17.701
215.75
7.0386
6.391
6.9542
0.19844
5.2106
41.623
15.642
12.94
62.657
6.7463
4.8534
5.5085
0.016032
1.4238
67.845
1.0737
5.9476
57.928
9.3488
124.58
12.556
40.664
1.8726
32.722
15.21
106.02
5.7147
25.012
1.5418
13.878
23.283
0.2902
14.026
5.2678
3.667
0.51889
9.4143
79.755
5.9041
4.3359
33.841
0.21461
17.948
2.5067
3.4406
104.69
0
0
0.56523
203.39
34.422
0
0.2355
7.0726
1.0656
66.586
18.69
0.041117
5.725
2.2626
3.5231
44.997
6.5796
123.14
124.66
42.197
71.642
0.81161
2.1455
4.8581
18.393
63.813
5.7222
11.764
27.595
2.2196
0.35222
61.611
0.61074
0.55726
9.6445
14.311
1.2123
0
3.4497
14.127
0.41173
20.183
63.2
273.03
14.456
3.3745
10.025
1.0348
0.1051
2.8331
14.516
3.3614
0.47662
0.5592
4.3126
5.5435
25.117
0.26369
47.871
7.8986
19.929
4.339
13.768
10.964
110.12
80.585
4.3633
1.5108
2.7377
1.8437
17.842
104.06
9.2205
1.353
36.088
26.665
11.825
0.35847
2.5107
6.4016
0.9318
11.915
0.04351
9.6944
1.3708
15.743
0.084491
3.2691
41.264
15.038
12.252
0.027101
2.4824
3.3185
2.1345
47.265
2.7809
0.21782
9.6316
12.325
0.65143
11.498
2.0423
58.42
22.466
0.88229
0.33647
34.164
43.159
3.4674
1.2289
17.464
3.8347
0.94221
3.6756
64.287
0.64279
5.7023
19.652
19.749
7.6222
64.355
21.817
55.252
25.798
17.257
0.34837
1.8737
0.16281
17.555
4.9001
135.06
0.31425
34.546
80.338
101.37
19.778
0.36613
2.4543
29.117
0.048587
7.7464
0.20991
8.6604
26.102
0.28893
2.9456
1.6881
1.1302
1.5697
19.219
57.481
0.74207
0.54889
18.234
20.764
0.093772
2.6285
23.15
4.1904
24.55
2.5058
0.03344
20.74
19.805
0.045682
1.8405
2.2432
0.46755
0.97387
5.5181
0.47908
6.1615
2.7623
38.365
13.012
15.788
1.4533
7.515
0.1509
5.6395
0.013813
15.529
5.4215
0.13359
7.5335
0.78595
0.079478
77.524
0.023477
102.99
33.486
4.0442
0.12805
23.892
110.85
2.1139
9.7805
15.978
15.194
2.2621
1.3816
33.519
21.741
50.858
1.3106
65.203
1.2758
3.3482
65.957
21.731
5.1933
11.659
0.043748
4.6638
13.624
5.5889
9.3647
138.49
2.164
1.2259
375.25
0.97236
0.57661
1.8392
15.896
65.293
47.218
0.0087463
202.16
25.797
0.29179
5.3913
42.492
116.98
7.0477
33.918
12.626
37.806
0.382
3.9057
5.1171
1.1161
7.7633
5.6156
7.1957
21.822
32.641
37.769
10.538
7.6181
20.754
2.6633
11.925
5.1219
73.156
2.8547
0.76146
5.1848
0.35544
12.188
1.1586
1.1064
5.2794
0.37156
14.293
51.302
38.492
0.15387
30.475
14.573
4.2274
17.909
46.161
4.2662
198.8
2.9035
10.05
111.76
1.7206
34.146
2.9862
31.323
380.31
85.846
4.4836
3.8884
6.6887
6.1131
0.64267
6.4095
48.721
5.2629
0.10548
81.315
1.5447
22.427
11.189
25.483
76.743
48.372
6.9303
68.195
12.858
17.706
25.344
24.5
19.815
57.238
0.71037
15.931
38.497
3.3109
52.321
4.7053
2.6911
0.50784
147.49
9.3032
0.29926
0.61584
0.58075
4.9184
65.375
9.6541
28.155
0.11304
0.81388
12.085
42.809
6.3005
116.55
0.26149
11.405
54.637
36.891
22.809
1.0786
0.051132
5.8158
0
0.63263
9.5993
2.4994
1.0376
19.557
0
1.9896
53.189
10.267
41.241
27.186
6.7901
42.398
0.67607
24.154
31.303
22.124
4.9835
10.613
1.512
33.46
2.793
2.6105
2.4699
2.9816
2.1383
3.5574
11.432
0.87121
1.5996
2.3986
23.403
71.011
180.6
6.2716
16.069
0.073572
3.3122
29.903
2.9362
16.951
19.188
109.67
8.6743
42.876
3.883
69.661
0.41121
0.94539
19.597
0.20895
3.2463
83.172
0
4.2588
19.991
0.14877
2.0086
0.47395
3.697
4.5283
0.041184
0.48696
4.4003
2.3417
152.7
18.783
1.7691
1.464
3.008
3.1703
56.628
1.5468
77.869
3.5763
13.424
18.719
1.9751
0.60776
65.908
22.47
0.8528
14.838
0.49086
25.745
13.037
24.392
0.11182
25.871
0.29941
57.484
4.4802
71.208
22.279
6.6872
175.27
6.9814
2.0684
192.17
57.465
127.75
0.89488
11.877
3.0442
7.3474
4.6608
0.065366
42.178
2.6506
0.24611
25.63
0.41582
4.2519
6.4958
8.1459
3.9709
20.913
0.11337
2.6116
3.3117
86.838
5.3151
2.5425
12.666
0.94362
1.1982
26.145
21.595
3.768
1.5529
135.46
42.215
0.64756
3.2713
6.7896
17.64
20.328
20.616
0.52849
29.945
15.803
1.31
11.958
3.2326
32.619
0.18448
0.85647
8.1579
18.297
3.5646
1.0861
121.88
7.3828
69.167
28.816
38.692
69.322
53.37
0.18867
0.95185
4.0138
0.97502
0
5.6179
4.8168
4.325
138.88
0.10742
116.57
6.1415
0.093489
22.702
0.13127
6.3115
1.5009
29.68
7.8929
1.2022
71.104
50.633
40.685
34.174
53.11
53.031
0.11453
12.581
23.756
66.411
15.187
0.52084
91.13
0.0081216
1.6553
47.551
0.71165
60.293
58.429
2.5557
39.899
2.1141
1.7118
0.27792
15.147
109.96
0.21143
2.0803
0.076441
0.89106
16.402
25.291
26.077
1.6268
425.83
7.4524
0.52901
42.777
15.878
1.0249
0
46.754
5.1755
62.672
3.6165
26.076
37.905
35.478
49.965
8.2099
1.9353
4.1378
22.395
0
21.251
39.002
0.094943
38.921
114.29
5.5484
14.499
7.0553
4.9533
0.70565
0.22618
40.764
0.21361
56.015
40.613
10.673
85.486
0.39462
0.038323
10.328
1.2446
0.35154
19.684
18.372
0.84326
0.15894
19.133
0.34871
5.4516
0.51798
1.9269
4.7248
143.88
0
0.87818
0.22938
73.915
123.97
67.597
20.813
96.716
25.735
207.12
76.813
34.896
27.193
423.16
58.15
1.077
2.721
12.298
9.7398
66.985
1.5414
0.8164
20.888
2.1919
0.047176
6.8964
7.6246
7.0338
4.9575
4.2111
3.5194
0.94571
71.77
10.134
13.065
71.211
26.49
23.829
2.7655
3.0108
15.201
0.80077
37.326
37.079
10.465
1.6637
4.6568
0.52765
14.596
3.8559
1.7176
26.256
10.662
1.1439
22.814
12.999
0
14.557
0.82846
4.5392
2.8078
3.3145
13.581
1.9021
3.4327
3.3391
92.569
0.84492
0
8.4593
17.109
0.8701
1.682
9.0161
22.815
0.43543
1.483
0
1.5489
136.16
6.9489
11.378
6.7775
30.505
66.318
0
1.339
58.71
2.6456
0.20653
17.739
60.238
124.83
1.5596
109.61
8.6649
5.2994
5.9977
4.6141
3.959
41.756
56.223
2.198
16.094
1.1848
2.3425
3.6566
72.679
9.0131
3.6456
6.0298
0.39576
6.9821
15.401
1.3956
1.1571
131.09
1.2702
1.494
32.728
18.941
57.625
22.893
1.4648
2.1506
34.751
89.97
13.439
25.759
59.786
7.7657
204.31
84.136
192.56
0.92062
25.468
1.6472
0.72746
18.804
2.798
11.563
19.261
2.0337
216.34
13.003
2.6793
0.37931
8.5066
0.64508
9.5733
0.54329
0.43594
10.908
2.1648
24.479
2.1406
1.0311
0.6008
116.1
1.4536
1.3946
0.39838
6.049
4.0227
90.176
3.308
0.44092
2.847
0.16506
1.9068
1.3559
0.19352
15.396
62.854
4.823
5.6786
1.9636
0.55817
0.457
1.1636
9.4435
0.77628
8.9386
165.14
0.34449
0.73831
92.074
0.58837
29.976
90.928
0
0.9498
2.4562
0.14807
195.71
0.57463
0.20357
13.748
0.47333
2.5511
7.8688
0.098182
21.005
9.7813
1.8327
10.357
2.7744
3.2684
1.4278
12.269
23.688
170.21
0.40476
2.7383
143.19
0
124.12
0
1.5967
3.944
30.566
2.9504
0.23109
1.6571
2.517
4.9572
4.6068
0.059701
0.091602
0
7.2293
2.1213
140.89
0.077349
13.296
0.94341
40.566
54.77
0.91903
4.5097
9.5586
8.6401
7.2102
18.545
37.523
1.9156
0
256.36
76.578
0.33908
5.4671
79.342
6.8564
3.8119
2.1755
2.2544
1.0185
0.20923
24.26
19.364
17.381
21.698
377.92
32.035
18.638
4.5192
4.601
33.184
0.37885
0.72497
2.5268
19.419
14.582
4.7931
3.2285
3.038
0.83979
9.4706
2.9957
4.2547
0.34989
4.7118
18.269
8.8053
6.1044
20.567
26.909
45.004
1.912
2.837
56.364
7.0337
21.173
2.1378
1.6305
5.1992
4.9187
30.541
14.95
21.771
2.6148
0.86267
3.9151
5.3245
25.237
1.0842
67.219
2.4472
0.69678
33.376
0.13511
20.106
61.3
57.979
16.279
1.4873
0.087121
47.059
1.3762
0.99084
0.10844
14.307
24.113
3.8434
1.1309
59.47
20.97
0
0.62269
0.93843
2.2611
1.2948
8.8979
74.573
3.8198
18.617
0.57161
1.1145
20.222
9.2769
0.67833
56.615
0.24677
0.55501
10.025
65.753
96.935
0.69925
0.32968
34.664
32.975
133.74
66.478
34.214
0.48073
0.91347
56.667
21.245
42.582
12.456
0.060674
0.43444
1.7581
16.357
21.126
1.1763
26.698
2.8559
150.55
1.0131
0.17878
1.6008
38.918
8.1931
3.6183
6.3464
2.2703
0.15042
2.0595
1.5925
12.143
165.62
59.567
0.53432
1.2868
0.93064
126.79
15.706
0
8.1265
5.0336
1.5842
0.42854
34.159
36.752
76.085
1.0203
2.4297
33.029
2.0879
3.9791
17.858
28.474
5.7917
12.937
2.4235
0
0.0755
80.298
31.892
141.69
1.4453
0.25322
0.18154
2.1424
62.645
123.03
22.923
2.5465
30.965
2.7677
0.38815
24.083
13.396
0.088754
1.3527
0.44109
0.1468
1.5407
8.291
0.35485
13.248
48.044
0.1908
63.412
0.0095816
1.3356
35.21
46.271
8.775
0.23375
11.807
108.7
7.8322
13.04
67.913
0.93068
21.078
0.04587
39.237
1.3935
134.9
72.536
28.024
75.007
76.728
15.58
0.75881
9.8004
68.932
10.189
0
156.02
7.1658
4.0734
32.549
131.51
42.649
19.664
12.755
4.9418
16.327
5.9821
1.721
8.9162
11.335
3.4473
0.052748
21.03
16.976
97.593
20.957
3.1163
5.4164
33.941
11.315
2.4668
11.106
31.803
87.263
41.232
1.5186
1.4894
136.35
28.893
3.4176
46.392
1.6644
0.76927
3.5203
0.35411
14.043
0.11042
24.505
0.55444
7.6021
0.46604
4.7243
0.3616
0.8568
150.16
14.796
18.985
7.7719
29.421
136.1
1.5355
9.9302
6.7544
14.12
19.383
133.39
7.5195
2.0564
0.10066
0.82953
3.0979
77.819
1.087
1.1405
3.2429
12.359
8.9833
0.06264
0.035112
87.764
21.567
23.172
14.99
8.8779
4.4842
56.869
3.201
3.9805
17.557
6.8998
35.505
17.068
5.6637
33.4
5.8635
66.926
0.77215
3.3122
2.3057
30.074
51.145
40.305
3.6216
43.581
0.62019
4.7461
50.563
116.46
136.98
20.168
3.078
2.2214
39.948
84.793
122.51
5.2566
65.054
1.872
6.0209
0.96777
33.563
11.729
76.172
0
12.922
6.2865
28.018
4.4313
50.251
0.11495
34.206
1.5307
59.56
4.551
53.821
69.987
54.603
0.35482
0.81701
3.4327
1.8056
51.815
99.205
3.0853
7.3591
7.8661
5.1103
3.0775
13.318
0.68709
2.2905
5.3685
18.992
56.32
0.034086
561.14
59.545
22.714
39.848
34.207
33.097
7.5551
0.18377
6.1653
2.2916
257.67
3.3256
4.359
24.485
2.3025
0.18853
1.3224
83.509
34.522
0.71722
25.763
109.63
1.0405
1.1077
2.7028
21.63
0.22531
4.8424
30.38
58.508
1.297
80.648
0.94026
30.73
37.094
0.6905
0.27266
2.7738
18.495
20.561
0.15809
6.1216
0
10.248
0.45877
38.874
6.2077
4.0515
0.78064
61.775
6.9313
26.179
1.8399
33.901
80.425
2.9489
87.555
77.135
10.05
2.0072
12.655
2.4658
1.132
1.5298
9.3525
49.304
0.9529
19.349
159.73
0.13111
17.197
3.0946
25.995
123.62
4.7329
2.3955
20.669
9.5236
24.16
0.915
2.0931
3.678
14.614
0.39878
187.71
6.6486
11.463
1.5264
0.17258
10.227
17.849
5.2111
335.14
3.4191
4.6991
45.332
9.4966
13.321
3.8157
2.8199
44.499
5.8892
26.19
1.2854
4.3781
27.06
4.4696
56.375
1.2682
55.16
1.6161
3.0443
2.7996
8.9601
2.0128
53.146
7.5344
4.4441
16.8
80.848
28.375
189.34
6.34
39.627
2.0938
11.687
5.7379
25.492
37.513
1.3265
0.97221
104.84
25.459
2.7894
0.1837
0.73685
0.69274
1.0622
24.753
4.2558
6.0655
0.82827
71.867
17.283
2.1112
9.112
4.6424
0.44456
5.5283
50.965
9.9123
5.1835
3.314
4.0141
13.747
3.7054
9.2186
0.029405
2.7274
11.496
7.7488
59.967
0.061687
1.5929
0.96067
3.9338
21.173
1.2458
25.013
2.1134
87.823
41.309
226.55
0.09266
1.1669
3.6074
4.6101
3.1666
43.063
0.64471
0
53.716
0
4.9828
1.4013
0.055555
7.6145
70.644
0.94886
3.8653
0.36931
5.9002
9.6151
4.778
30.682
295.63
8.9975
2.537
56.77
0.30873
0.23786
37.236
1.7022
1.374
13.186
19.25
3.67
4.5909
2.031
1.9245
26.454
0.52727
46.118
18.68
15.213
0.42484
0.25401
0.030263
5.3106
78.155
34.86
46.895
25.815
1.4562
15.003
55.669
1.9109
4.9701
286.87
50.536
105.14
21.969
26.298
25.154
4.4453
77.649
17.291
38.708
155.19
28.277
7.0294
21.872
6.132
0.577
224.78
16.756
1.0433
0.35473
301.98
109.12
51.034
1.8151
34.878
18.87
2.7251
6.5201
27.123
33.963
0.63287
0.061136
0.99244
3.7954
0.56924
13.361
9.5394
118.34
4.2625
53.378
6.8767
1.1966
26.302
8.3307
0.41108
68.004
0.13699
9.453
4.7432
2.588
24.335
37.614
11.778
1.0005
0
1.298
1.1304
12.869
132.09
55.934
8.808
6.6121
8.247
0.58524
41.74
2.8173
0.73569
24.071
3.1156
4.6433
46.379
74.696
213.4
75.526
9.4725
71.401
13.857
69.531
319.45
52.341
69.576
14.187
1.7228
0.085813
0.06382
0.14933
32.967
16.332
3.3824
10.336
8.6149
13.558
1.4125
10.803
31.5
0.068632
37.16
1.0498
18.05
10.982
6.5919
15.83
3.472
11.611
0.81808
5.3145
31.46
0.34894
38.64
0
15.763
0.58043
2.0821
8.2144
68.818
0.1782
36.994
12.293
9.7547
15.759
46.969
3.5752
31.183
3.4493
2.8777
1.4214
37.035
0.02745
0.21175
3.605
15.881
18.911
8.5288
17.541
28.384
11.522
37.227
0.11975
6.4533
17.913
0.13443
0.18802
0.0371
1.7815
33.624
17.266
0.74737
33.86
189.81
9.6552
5.4354
1.2458
0
17.309
3.4421
12.152
0.67196
1.8783
4.9219
7.4412
0.40363
7.5466
1.4232
1.2417
40.669
51.819
5.574
15.372
12.74
76.805
0.66401
1.1468
13.314
21.726
79.99
133.47
12.982
1.1043
37.318
3.2048
1.6205
75.572
2.8715
6.8215
161.22
0.18044
12.128
14.641
0.094729
48.999
31.594
24.101
15.924
16.889
69.245
7.4727
7.7784
1.8558
0.10722
0.9407
18.782
18.603
0.0811
5.7651
72.834
7.3104
6.7297
17.933
0.52595
0
44.71
210.87
2.2407
132.63
0
45.599
0.24608
30.412
12.405
40.07
0
16.409
8.3989
1.393
11.33
20.712
43.879
19.599
26.743
219.5
2.653
96.294
0.72049
74.678
23.918
171.54
22.183
0
2.5225
29.244
1.2185
8.5867
21.043
0.76041
7.6678
0.12333
79.284
155.2
9.1912
0.63072
0.694
0.15028
3.3034
1.8782
4.7347
12.355
1.0077
0.2742
77.756
40.304
0.24264
1.737
1.0779
16.256
4.9648
0.19708
6.7498
5.3128
38.236
34.916
32.048
4.541
16.417
32.393
85.768
4.9877
5.3192
1.1381
6.0092
8.6681
47.499
2.5229
0.98342
101.96
61.025
0.47389
9.5888
59.839
1.9436
11.988
20.016
1.0856
10.762
0.0098505
40.991
0.10476
4.6623
2.2251
0.42526
29.599
34.6
11.896
0.2167
147.72
0.11814
41.473
8.3192
0.50285
0.54297
13.529
5.0914
9.5873
1.563
32.399
0
14.696
69.694
1.357
11.036
0.74172
0.062146
26.939
70.296
7.5613
0.11199
146.11
0.67775
73.332
8.6427
2.144
0.032125
7.1197
6.5214
27.597
5.1284
14.018
3.7697
6.4615
46.408
6.3995
96.849
10.91
82.895
3.4226
52.737
0.66381
24.426
8.4931
4.4457
1.5591
64.542
0.13508
56.358
14.607
43.202
37.071
0
58.819
71.406
0.014596
17.826
52.554
62.299
2.0303
66.57
0.2069
8.6821
0.001999
0.76041
27.482
67.569
84.549
67.204
185.53
12.709
64.834
42.359
26.517
12.727
0
95.234
0.23861
4.6045
57.339
7.4874
12.935
0.020829
2.0693
45.327
14.816
0.19765
15.044
2.6961
23.686
51.873
2.8593
17.031
52.126
38.836
0
0.18003
1.6257
2.8477
45.127
11.896
3.2354
12.423
0.52333
26.5
9.5378
2.3858
79.946
23.241
57.793
16.112
2.8635
4.7493
1.251
40.138
0.12698
24.919
35.562
5.2237
41.689
1.2222
5.3257
0
0
248.29
36.742
281.41
10.607
0.099283
22.988
3.6146
62.857
8.5115
5.3679
2.5057
44.434
88.694
17.134
1.9975
22.941
31.379
0.92541
1.0064
67.392
9.9447
0.33264
0.18029
26.878
4.928
12.928
16.22
6.3282
0.014578
135.72
5.6392
1.1089
0.1284
33.857
2.029
55.483
88.004
3.6385
24.31
5.5435
45.541
13.025
25.581
1.4966
4.254
40.448
2.6684
1.805
2.1625
9.8603
81.002
0.49909
9.9987
9.0127
16.425
46.214
26.075
3.5336
12.686
0.041092
11.431
16.995
0.010604
48.908
48.384
11.487
24.301
0.052776
2.0052
0.011638
0.081473
0.038272
5.3852
10.876
32.39
0.079274
0.15684
49.39
17.305
0.57794
6.3132
11.291
22.389
39.641
3.2259
1.667
1.9377
7.7236
16
30.823
0
7.8944
33.18
26.727
15.713
59.894
0.57743
0.68641
39.764
30.712
2.1583
15.811
2.8982
7.6689
0.3035
3.7963
0.23653
0.077126
9.6007
0.33905
6.205
0.1554
18.465
9.3182
2.9704
7.5578
1.6143
20.047
6.6779
130.81
2.8327
4.1354
2.4212
3.4859
44.791
2.4073
2.0811
0.51998
60.854
76.514
54.167
6.7404
67.882
0.42913
1.2598
0.17364
0.80339
0.65487
5.1441
53.481
19.348
4.778
10.094
36.675
1.7504
0.42231
92.159
0.47224
7.6065
133.1
22.387
8.2673
8.638
2.7674
4.7662
15.841
0.01523
0.30931
8.4159
0.51431
0.24555
0.1875
1.6795
5.3181
2.1214
4.5548
1.4804
1.3541
0.12428
11.894
1.434
42.336
0.018484
3.2082
0.76325
1.2772
18.527
1.4193
8.2951
7.5089
8.0266
2.6221
5.4696
2.0309
10.362
5.5768
4.5002
6.7592
1.7967
42.432
1.0202
1.8612
0.58735
2.2351
0.20843
12.871
8.1079
100.32
0.34462
15.08
0.21853
0.16031
14.289
19.167
71.709
5.9136
132.86
0.46247
156.13
8.3472
52.521
19.234
6.7481
0.0030466
28.905
1.8024
41.118
5.8255
0.11423
21.934
52.827
5.3152
6.2495
0.17678
292.81
1.4072
35.151
284.81
13.823
7.8126
1.8262
0.31192
0.95136
88.36
5.8723
6.834
90.29
2.3997
21.658
14.507
11.922
0.26676
50.491
4.5663
0.1733
45.667
4.5263
11.819
0.54431
26.434
18.476
0.38552
5.9724
52.321
4.9395
26.76
37.357
0.63173
46.723
15.854
2.0183
0.29622
38.888
0
0.15445
0.45527
8.9228
8.0618
0.98078
1.6987
0.10442
2.0593
239.03
6.6813
1.4879
2.7509
15.931
5.0015
0
5.0015
5.9095
3.0083
38.904
115.72
0.39055
16.662
114.95
12.805
0.19367
5.0064
30.875
1.6652
17.093
0.034622
0.83224
4.4365
59.067
32.411
0.77119
6.5732
21.973
11.44
12.178
5.7626
2.7239
38.994
0.43148
15.623
2.2008
7.8874
0.45837
2.551
14.143
10.564
14.828
37.087
16.115
0.14714
5.4789
0.62345
43.597
0.60537
1.3869
7.3189
1.5774
114.17
0.49339
31.796
1.0383
4.5272
0.93548
87.001
18.8
0.15583
0.83612
0
44.486
53.451
0.62747
2.6975
20.342
2.7031
3.9458
139.18
37.712
53.866
15.639
11.562
75.716
2.2117
22.638
45.142
2.7911
8.8408
23.052
0.72565
65.88
3.077
6.0384
3.0968
7.8915
71.551
6.672
50.136
6.2102
3.9885
13.493
26.445
55.758
8.2395
0.057774
49.217
8.0104
25.862
1.9642
0.18202
4.3959
0.088512
0.73836
0.090776
0.064841
2.1711
27.856
32.938
27.599
7.6514
4.81
0.56011
53.11
0.14064
0.32378
24.995
39.238
10.18
26.983
48.796
4.1226
85.933
0.21802
0.12042
396.95
0.105
1.4669
6.941
44.328
0.71979
17.355
9.3477
0.40227
25.678
4.5933
4.4088
19.863
0.97418
6.3868
3.222
0.0028813
17.677
32.345
1.6796
4.3856
0.058447
1.2355
16.373
2.1476
3.4571
34.363
0.15812
1.6716
213.39
0.7823
2.7275
1.6545
12.72
6.7343
91.371
70.742
6.4294
2.2308
2.6278
122.74
0
2.8598
55.322
25.781
4.8
0.10441
4.7663
167.63
12.002
6.2034
2.2548
3.3714
220.89
11.572
104.7
23.571
0.30232
1.7195
10.025
11.337
21.288
1.0438
37.919
0.039917
3.5941
0.047971
9.2176
7.6598
37.588
26.319
31.372
0
3.4546
1.9902
1.1517
4.1385
69.807
133.12
0.2862
138.38
9.3613
100.66
2.1498
20.316
0.26545
8.0008
13.979
0.43424
1.5957
0.36772
4.9602
0.15427
15.789
0.09129
70.634
3.4861
12.174
6.9255
2.2096
5.645
4.6857
0
12.916
4.1989
126.43
8.7965
90.967
0
14.314
13.67
0.41876
17.3
1.398
13.679
18.535
5.2293
5.6252
376.6
43.135
28.614
76.551
5.3338
16.105
7.0386
15.332
18.751
5.1415
8.8782
0.85435
1.6483
4.5247
14.157
0.57425
4.6905
20.31
9.1521
3.0578
21.28
1.8953
0
0.14667
0.76189
30.772
29.022
32.63
372.54
9.4692
0.0794
1.0961
0.74771
0.15044
18.949
3.6001
69.768
11.003
17.149
18.251
1.1095
4.1692
16.357
6.0684
0.38089
13.198
10.308
0.11031
1.2717
0.087821
4.3992
20.549
6.2893
81.017
9.6071
1.8903
0.37238
7.6807
8.5409
0.5116
0.21831
7.8457
0.14852
0.069085
0.59207
8.0483
2.9676
56.968
7.205
9.1178
9.6996
47.804
98.193
16.693
2.0018
19.605
0.06623
4.068
4.6585
75.448
1.182
10.676
1.1963
0
0.064059
18.84
0.60067
0.052161
45.083
35.383
41.726
0.043266
53.391
3.414
39.042
50.905
0.50067
0.43679
3.469
50.245
58.263
24.209
7.8249
4.2095
5.7303
18.202
20.006
4.5546
17.805
37.557
0.36224
9.4024
139.7
41.772
11.539
4.6922
21.765
0.10166
0.081789
1.4921
0.40773
3.0463
1.3917
42.675
0.48601
0.40359
1.0608
0.015903
1.3008
143.57
27.493
25.963
3.8203
1.4653
1.8756
2.9743
1.0372
1.3929
1.1039
17.785
9.3144
75.176
0.13935
1.6318
234.83
0.29053
5.0831
9.0156
13.829
82.804
10.325
4.4114
0
11.793
16.928
0.031944
0.9968
87.381
1.868
0.043092
0.3576
35.063
3.1416
0.28113
2.9968
27.352
93.847
0.3818
137.27
0.026375
2.4584
1.2635
17.308
0
0.47545
41.26
0.23621
4.8077
0.0025021
51.309
6.3523
0.65449
161.02
32.178
0.082209
2.1753
0.14758
34.965
1.7678
187.05
21.678
9.9598
0.66672
1.1242
0.12299
45.447
1.8414
1.2245
0.42983
0.068021
0.72137
6.5359
191.81
15.543
0.081666
1.9083
9.0381
33.4
48.433
86.643
0.43823
3.2177
6.2004
23.263
4.7513
23.883
3.6634
17.06
0.24743
14.189
1.1086
27.097
1.0482
2.3916
47.821
2.3036
3.0825
1.6245
10.454
49.563
15.309
9.7607
21.615
7.6009
9.5471
94.781
4.3791
271.89
771.55
31.703
1.439
5.9019
0.20462
20.355
5.6956
7.4644
7.2156
1.5121
4.1912
0.42955
0.043454
9.5865
72.219
7.1391
8.792
47.833
0.099385
7.3293
2.0379
0.025514
31.121
7.4425
2.6326
1.8015
0.24781
8.2448
10.564
141.22
0.98768
26.159
0.6835
5.612
28.332
46.722
3.5797
0.17649
22.691
0.023667
57.337
31.551
0.23807
1.7043
0.0022201
0.31295
10.797
12.802
0.051184
28.196
0.086427
2.1684
14.535
138.82
0
19.584
2.2512
5.1656
13.938
65.696
8.7549
30.338
7.9226
8.5625
3.081
9.9598
67.607
27.586
3.9714
48.244
36.109
5.2397
7.9519
7.0787
5.0606
10.204
10.092
1.6159
0.21922
137.03
9.3277
39.357
2.2374
9.3639
5.103
5.4219
14.03
1.6
0.087952
2.3285
32.5
3.8286
9.4861
79.425
8.9734
0.7868
13.784
11.537
5.2688
0
23.586
58.434
3.563
5.9575
2.1029
0.10282
525.36
0.28799
0.31281
6.7149
0.2674
2.0154
35.215
0.24197
0.85282
0.076167
2.5607
7.8859
7.5873
0.37397
22.794
5.6332
0.070256
32.564
3.5751
0.85173
3.8703
1.2612
153.07
38.071
11.441
8.8374
54.045
0.031811
2.1763
0.85289
36.086
0.48749
5.3601
22.068
17.528
5.4266
144.9
56.969
5.2194
0.052535
71.671
29.917
36.428
8.1343
0.17946
1.0356
5.7022
0.20647
38.845
1.7821
174.45
11.875
2.7553
35.964
0.20581
7.0798
2.2573
22.489
65.403
0
1.792
132.31
11.446
3.04
6.3381
1.8897
18.739
4.5129
26.466
26.091
32.403
2.0192
0.51097
35.842
40.676
5.2538
37.21
8.4782
0.13008
0.38491
19.808
3.7246
5.1052
24.908
23.066
34.209
19.486
17.816
40.155
4.0809
4.0783
109.93
0.51172
4.2555
60.537
1.1262
1.5086
33.901
33.703
5.8715
36.549
58.308
1.0349
0.31331
4.2091
19.94
1.3832
5.7663
0.46821
81.213
0.048562
35.326
1.2955
2.4332
3.5253
0.61927
0.47354
61.334
5.9191
0.28008
9.675
0.29005
14.725
0.48677
280.21
0.8363
20.361
68.692
1.7703
16.337
0.070235
0.45979
37.114
0
9.4889
1.2042
0.09671
11.581
0.82407
105.21
26.642
18.344
6.1574
35.277
39.942
2.3441
86.188
4.9505
35.165
0
16.375
0.16751
24.426
9.8653
1.5705
71.871
61.649
0.29879
4.6769
26.645
3.0878
7.6817
1.2968
3.1429
3.3046
2.1493
3.0225
2.6507
62.78
0.62916
5.0401
29.819
5.6865
0.089237
2.401
7.7478
0.38149
49.312
0.15589
35.844
71.368
1.7495
2.712
7.9863
13.14
24.321
2.1962
8.6011
41.9
0.077711
10.784
161.22
1.009
0.25533
0.24382
19.024
1.9588
2.0952
37.071
0.18557
5.4711
3.4594
26.888
4.3414
108.46
110.38
75.921
4.0343
25.53
0.23003
2.9197
10.377
7.6619
1.7835
8.2149
0.1587
67.409
3.5186
8.8633
1.4754
3.9382
182.35
6.0902
1.3384
0
17.71
14.356
130.95
100.28
13.741
4.1098
45.798
3.7001
3.9003
64.949
395.36
0.47738
0.232
3.0604
23.816
10.148
11.371
0.92631
11.852
4.1332
0.34629
152.16
5.8334
4.3272
0.20097
22.073
17.736
1.4622
1.8854
56.743
4.2217
197.87
0.083623
266.27
23.148
8.0135
81.465
6.7004
0.94809
26.572
1.4506
0
3.9057
0
0.42936
61.697
3.0467
28.282
33.838
23.28
95.097
0.17753
4.5453
6.9214
1.386
25.002
13.422
3.1375
8.2643
2.3701
10.394
7.5612
7.231
0.077735
0.10385
0.48268
9.2686
2.9267
207.76
0
1.3186
0.91546
0.63654
0.23164
2.7743
0.098939
16.787
0.21993
77.852
49.098
1.7311
67.028
133.15
30.444
3.2783
0.36876
10.015
1.1621
3.7516
0
48.699
21.436
7.586
24.97
0.90996
0.74782
0.023585
5.6269
39.693
85.256
3.6054
0.2134
33.257
2.3202
1.74
3.2242
0
11.764
64.572
1.3788
34.959
1.3313
81.145
1.953
42.511
53.939
13.289
2.9745
5.1735
14.539
51.777
146.03
6.0777
2.7303
8.1764
31.876
52.195
1.4057
0.14286
22.201
15.162
0.65129
27.785
47.546
64.94
48.944
0
123.56
1.1562
2.2121
50.964
21.429
10.409
0
4.2871
1.4703
8.3361
30.254
3.0681
4.7614
0.078816
9.5686
10.788
4.2037
0.66602
7.8294
0.051831
0.23669
0.80346
25.331
2.4532
2.7615
102.62
34.82
11.963
18.983
0.36966
3.1433
9.0482
108.9
44.13
4.6963
52.621
4.2458
0.61753
122
4.3141
3.1646
4.3554
14.998
2.2934
0.73679
7.5795
0.91594
85.949
4.492
2.8867
0.69246
19.035
6.2641
21.225
8.3967
2.0756
1.4105
4.4066
0.85159
4.7473
99.747
13.384
6.7165
188.13
4.003
42.465
0.37073
24.375
18.372
0.29335
24.13
71.924
30.188
11.388
11.033
5.6463
16.485
11.89
51.577
0.26254
161.33
6.827
0.20659
2.3032
12.823
4.8716
0.87288
6.347
4.0679
0.2784
13.896
0.058833
7.7922
80.602
10.571
49.362
0.04285
1.2538
0.82647
20.373
42.477
10.791
22.879
26.141
13.562
1.0617
1.8598
2.5876
19.254
23.169
63.791
125
1.598
0.011332
2.8394
1.8877
56.709
14.759
0.34621
4.0906
81.954
38.464
0.15408
5.4336
6.0047
2.8732
7.3574
35.171
17.29
0.49375
5.0785
1.1274
0.076475
2.1326
3.4526
2.5164
19.593
25.818
50.058
6.0726
10.105
0.73467
0.62925
3.1512
2.724
6.7871
6.1357
2.7828
0.32406
5.1669
94.175
3.6321
6.0817
47.006
1.3936
0.52965
8.7532
3.5545
15.19
17.882
15.89
52.193
37.402
4.6138
6.5983
4.2252
10.667
144.55
109.5
1.8848
101.66
48.735
0.15222
56.492
0.87251
27.453
2.4802
1.2103
1.6264
12.208
2.0864
24.138
0.012947
227.1
2.1922
34.41
3.5513
82.198
0.18364
31.42
10.156
7.4198
0.19381
35.592
13.593
0.017035
67.8
42.386
0.78281
4.4162
0.32419
1.6845
3.1317
474.34
92.904
0.19927
0.28278
0
0.37591
0.3876
2.7659
4.7982
8.9924
43.464
31.135
4.1486
34.353
0.45276
1.7691
2.0161
6.1893
1.8154
6.672
115.75
0.11459
7.384
0.031106
33.823
147.65
52.74
40.118
2.8137
32.451
2.81
28.371
46.899
111.58
8.4974
9.0421
7.4329
5.4065
0.97589
12.348
2.6817
10.075
5.7467
9.7126
0.54667
146.36
1.7498e-20
8.108
6.2665
0.85903
0.49551
21.779
40.718
17.646
0.073146
203.68
19.854
8.3034
1.9003
53.515
1.6781
64.997
15.125
0.33823
43.131
3.2395
7.6016
14.003
97.227
12.756
12.01
5.6833
7.6968
36.006
66.744
1.6249
8.7762
87.112
13.031
16.393
1.2253
11.245
3.74
116.81
99.531
10.978
0.20528
87.22
21.857
0.02787
32.338
59.237
38.729
2.0084
4.8673
37.739
6.0276
1.917
5.4346
0.012073
114.45
6.8819
3.1163
13.723
26.921
7.7272
43.71
0.047695
0.85658
67.82
22.155
2.8483
102.32
4.9647
101.25
0.51646
15.433
22.678
137.91
32.489
0.31263
65.255
11.657
5.6293
68.741
8.4756
63.572
32.839
10.222
0.95858
40.746
0.059147
0.011996
55.975
28.047
45.452
30.54
64.779
11.644
0.20101
2.612
1.9689
2.6477
1.8584
1.0819
33.362
0.056432
93.449
12.358
7.6232
42.6
3.0304
1.0079
49.063
160.13
85.013
0.86425
83.72
33.143
0.57643
91.728
0.54287
0.98752
234
0.11317
42.396
0.34674
0.04999
15.253
0.94289
31.945
29.089
10.887
170.45
14.977
0.81356
22.587
1.196
0
1.7901
10.697
21.484
12.914
1.1436
20.413
57.38
0.074851
3.344
110.43
11.094
0.15337
4.2039
0.028836
51.809
16.726
179.03
13.64
12.69
0.90524
18.967
0.43635
0.60381
41.669
45.954
6.9608
11.166
14.266
0.6527
4.1912
27.998
1.9073
9.6263
10.142
7.9117
0.62814
75.766
27.876
0.6436
52.01
24.75
0.22974
1.6776
2.8074
63.055
0.46413
2.3176
99.364
24.229
0
0.73936
0.4135
1.0384
24.683
8.1012
39.939
37.387
0
19.719
31.927
19.384
2.7101
30.646
0.13869
17.077
0.14755
0.50842
17.135
178.76
13.221
0.30124
1.4916
0.76571
0.29329
2.5883
14.982
0.14155
144.92
0.90953
31.459
1.5489
0.5492
0.66894
59.945
3.2593
1.9119
42.667
5.1054
4.5104
11.992
1.1192
0.58004
0.52198
11.058
0.78535
3.7372
33.909
23.148
8.4257
5.5725
0
0.40625
15.835
43.284
149.53
0.717
0.99601
15.608
76.175
10.534
17.24
21.541
1.8568
6.5049
4.0894
2.8809
9.2865
63.5
3.5607
31.345
2.3583
0.27525
20.177
1.6597
26.693
225.41
6.8651
0.54014
20.83
15.471
51.934
18.879
2.9715
20.196
4.7175
108.77
7.3215
13.824
11.146
18.592
39.048
0
0.17684
12.02
0.24211
43.66
141.31
3.6366
7.9982
58.751
1.8725
4.3788
43.67
80.297
1.4734
6.7544
30.086
6.8569
34.187
0
18.744
29.859
2.7283
10.198
7.0144
0.061623
57.208
14.211
192.5
26.131
0.54839
15.116
3.1208
0.53451
8.2453
0.54945
3.2344
10.357
1.233
20.134
4.2888
24.466
77.191
15.663
3.0413
0.1464
9.6297
100.87
1.2077
25.912
0.76717
1.4278
7.251
87.71
9.8081
5.6879
26.07
35.209
82.466
15.437
19.133
30.31
357.45
1.2586
0.06358
10.708
0.75676
26.586
1.4165
23.389
0.92998
273.15
119.33
30.459
0.59341
1.1342
106.9
125.99
3.268
40.886
7.1753
0.48058
56.081
13.781
0.24313
8.6454
91.194
2.4807
3.1053
27.74
0.34427
33.156
4.069
0.94764
6.1598
42.058
3.3795
50.903
4.6606
2.9322
81.724
20.088
132.16
7.4819
0.23668
3.7874
0.090309
56.427
20.805
6.8777
26.196
29.313
11.13
50.122
81.606
61.739
0.56342
0.19409
58.228
12.462
62.42
0.26792
0.33918
48.099
9.1141
0.030592
2.1786
104.49
53.314
0.059544
1.6136
1.2774
15.109
8.6607
0.54554
18.045
2.2219
0.072652
11.94
1.2459
0.52553
21.166
74.56
31.569
17.529
39.049
0.31326
0.73723
71.795
19.96
17.346
0.16647
33.385
1.1413
81.511
5.6241
2.9531
11.97
2.009
51.404
2.5445
63.599
13.249
1.6738
6.5256
57.357
2.3328
3.7612
1.5016
0.75217
84.976
93.737
0.99104
23.545
10.196
38.602
16.344
35.934
0.66494
14.6
24.31
0.4938
0.45948
29.372
0.13596
5.6514
15.363
0.47049
0.07373
0.79597
3.3481
30.041
2.2909
0.51918
30.338
27.292
0.7686
1.0187
3.153
1.2295
1.7132
45.902
3.5356
4.9485
0.15886
9.5617
7.7431
8.7425
2.3341
17.823
1.4225
0.57299
8.7054
0.0034427
0.59999
202.3
5.6191
1.2395
31.341
32.52
45.088
38.891
26.389
146.68
78.353
13.585
4.039
3.4132
62.979
12.887
1.8153
0.43598
16.224
2.1064
0.34586
11.163
59.131
2.0977
141.11
4.4547
0
11.506
46.114
8.453
0.20274
0.69825
0.077134
56.709
1.539
0.028576
0.36572
1.5019
0.37682
77.67
0.29458
3.4882
3.4024
5.5547
21.624
12.509
165.51
11.695
9.1161
70.364
0.59627
3.7934
1.1062
0.38048
68.176
37.551
1.0595
54.788
3.1526
0.85256
6.3496
2.9659
150.33
15.158
26.223
4.6509
3.5078
3.7301
14.324
0.03386
0.71654
24.26
5.2931
0.6097
5.2826
3.7873
22.116
69.694
7.4496
67.209
40.837
1.2059
4.3539
6.9995
5.2112
0.47254
1.9611
0
0.48074
7.7268
32.094
100.65
11.098
65.126
3.8264
0.091865
0.12052
0.43124
24.415
0.29748
0.13393
96.017
15.624
3.6134
65.682
1.5375
0.42417
1.0059
0.42985
85.969
2.2178
8.173
16.612
3.4125
31.054
52.078
2.106
8.9315
0.059057
2.1247
0.28942
47.743
1.8711
24.14
1.7755
65.163
25.838
12.37
3.4675
4.3537
37.261
3.325
5.5259
0.14559
54.592
1.3123
36.555
10.237
118.19
2.8708
32.413
9.9421
37.106
8.7808
5.3759
9.6858
4.1614
4.3884
15.368
1.1584
12.266
1.7171
138.58
33.372
0.51174
0.022646
1.3658
19.974
0.12887
14.755
0.054936
34.468
1.9471
1.1346
15.8
0.96564
2.2421
44.038
26.332
5.0206
0
82.794
6.7805
14.026
5.3678
239.55
34.818
23.965
4.2679
15.602
24.676
37.777
6.595
6.8321
51.265
0.27542
20.436
1.115
9.3821
82.83
0.90912
30.014
0.58537
2.6159
14.521
0.2809
240.93
12.756
5.557
139.83
2.6805
2.5063
2.4463
3.0526
0.34418
1.2329
6.5323
9.7477
10.007
52.395
0.92451
3.831
48.859
14.811
