0.090587
13.119
0.032662
0.11834
2.62
0.067764
0.0065466
0.16731
0.15833
0.11052
0.051035
0.025042
0.053821
0.013521
3.6508
0.22793
0.02093
0.31966
0.098956
0.037091
0.14074
0.067965
0.23223
12.101
0.044865
0.017458
0.031229
0.16865
0.091398
0.019001
0.051158
0.026499
1.0645
0.066407
0.028911
0.015826
1.6348
0.05431
0.015761
5.0529
0.024537
0.09635
0.14853
0.03016
0.007055
0.077057
0.85264
0.044454
0.0027852
1.2213
0.17248
0.20323
0.028115
0.054007
0.020667
0.083234
0.02423
0.30519
0.22894
0.13349
0.0063089
0.0062165
0.047381
0.47721
0.036988
2.61
0.043233
0.031116
1.7105
0.0049629
0.020497
0.074664
1.2338
0.032048
0.04756
0.09635
0.12315
0.079083
8.2611
0.023571
0.052274
0.1035
0.81547
0.0045959
0.043032
0.13524
0.015221
0.090587
0.063236
0.0047995
4.7021
0.076866
0.064135
0.043169
0.092871
0.067762
0.040279
0.030703
0.13511
0.13488
0.0063089
0.036039
0.64677
0.064686
0.064908
0.068705
0.076523
0.13313
0.052274
0.065341
0.24991
0.0057175
2.5936
0.13331
0.052274
0.96539
0.068563
0.27815
0.19358
0.048813
3.6524
0.67161
0.051989
0.079778
0.3694
0.011662
0.029041
1.5821
0.3331
0.07927
1.756
0.0055602
0.04427
0.18666
0.7088
1.3303
0.0059155
0.006284
0.19015
0.015683
0.76327
0.005555
0.056943
0.021663
0.0067762
0.69457
0.015247
0.21002
0.047357
0.052065
0.99775
0.026626
0.16585
0.79801
0.44978
0.065496
1.4398
0.013739
0.18753
0.037031
0.039802
0.031292
0.052177
0.30519
0.017054
0.15876
0.13348
0.13675
0.03907
0.22901
0.60913
0.060999
0.044299
0.028436
0.052752
3.4057
1.3497
0.004817
0.33684
0.011467
0.04428
0.010914
0.0046672
0.056581
0.048147
0.048147
0.021315
0.090642
0.13999
0.016104
0.031153
0.023428
0.25094
0.0074924
0.18905
0.0031739
0.060995
0.039641
0.030791
0.031292
0.0070992
0.019379
0.018436
0.030957
0.23056
0.0063049
0.065142
0.12121
0.012473
2.6532
0.064985
0.067918
0.016777
0.016633
0.022183
0.0076817
0.047148
0.046576
0.036767
0.070992
0.21231
0.02673
0.22871
0.052274
0.064833
0.037172
0.0056706
2.2771
0.14647
0.0072311
0.01838
0.025752
0.052095
0.13336
0.0063089
0.26157
0.14078
0.031292
0.0057175
0.0063223
0.011383
0.024472
0.029041
1.3451
0.047439
0.024458
0.059183
0.19984
0.27958
0.046763
0.032333
0.020451
0.034995
0.027179
0.0067762
0.24591
0.14424
0.75635
0.067762
0.071233
0.20004
0.052402
0.31834
2.1098
0.011796
0.0067762
0.075628
0.015177
3.6771
0.060985
0.028147
0.2253
0.017263
1.1523
0.051971
0.21201
0.036827
0.016751
0.01957
0.012197
0.22879
0.030632
0.031292
3.6536
9.1592
0.15548
1.2183
0.048672
0.015237
0.040798
0.015518
1.446
0.076515
0.13153
0.010481
0.055588
0.043786
0.026212
0.22323
0.032654
0.055636
0.040748
0.0064095
0.0057662
0.0057175
0.020603
0.0063089
0.006159
0.33548
0.0030634
0.10287
0.090587
0.30519
0.046791
0.033577
0.012482
0.036507
0.075628
0.037964
0.026974
3.3636
0.040371
0.046303
0.11271
3.8854
0.0040863
1.0819
0.0083435
0.0074526
0.0041274
2.0201
0.039474
0.036743
0.10928
3.6391
0.045992
0.041062
0.16213
0.18035
0.0047373
0.0041378
0.18905
0.0061412
0.19958
0.004931
0.0443
0.029934
0.1429
0.27869
0.031292
0.012662
0.013815
0.0041545
0.023704
0.023662
0.048905
4.6212
0.13536
0.32453
0.13196
0.035971
0.020756
0.10215
0.044277
0.13044
0.05188
0.1608
0.18933
0.027443
0.16671
0.46954
0.09635
0.091475
0.021843
0.158
0.031757
0.019827
0.020468
0.036017
0.056701
0.59784
0.028147
0.13324
1.1707
0.060875
0.037232
0.13313
0.0067622
0.14362
0.064743
0.26642
0.30232
0.27939
0.023586
0.065665
1.2732
0.018567
0.044606
0.0056199
0.27674
0.28398
0.030777
0.016633
0.012876
0.021036
0.11557
0.27398
0.60792
0.028139
0.11124
0.02511
0.026516
0.11976
0.051513
0.15121
1.8485
0.076538
0.075614
0.023703
0.01282
0.025957
1.2771
0.27545
0.14079
0.033246
0.013745
0.026985
0.050994
0.20629
0.044702
0.47711
0.051885
0.041275
0.015247
0.019985
0.33526
0.042096
0.02372
0.030955
0.052545
0.09635
0.013887
0.076208
0.090598
0.023664
0.096246
2.0148
0.13296
0.0521
2.582
0.0098229
0.083225
0.046285
0.10275
0.067763
0.052274
0.13535
0.076735
0.018397
0.30519
0.0040935
0.020088
0.030683
0.1158
0.18856
0.03631
0.030747
0.012993
0.065101
1.2265
0.031292
0.023707
0.067763
0.087908
0.10272
0.20357
0.081382
0.071079
0.083975
0.076933
0.048888
0.0037851
0.012197
0.027411
0.67714
0.024901
0.061004
0.025321
0.70849
0.25094
0.28118
0.051005
0.06653
0.023663
0.060136
1.3052
0.060988
0.83174
1.6677
0.47654
0.12714
0.051953
0.15903
0.30519
0.027092
0.22189
0.25094
0.025443
0.023532
0.13068
0.026927
0.45762
0.47963
0.028215
1.008
0.053811
0.032489
0.04076
0.04888
0.021331
0.053811
0.021833
0.028147
0.090858
0.81221
0.22815
0.036621
0.067762
0.095095
2.1931
0.45143
0.032041
0.068726
0.0045819
0.020798
0.13536
3.9944
0.054347
0.016633
0.020449
0.035328
2.5908
0.013335
0.0057175
0.079414
0.20328
0.023503
0.043923
0.026497
0.0045936
0.0052649
0.35184
0.046644
0.0048682
0.018632
0.075628
0.032177
0.59847
0.079097
0.045411
0.031006
0.13536
0.014444
0.12769
0.060995
0.012467
0.044265
0.093143
0.065117
0.027186
0.051669
0.11329
0.02366
0.01953
2.0915
0.033482
0.27086
0.14074
0.0443
0.031292
0.0063034
0.040741
0.017063
0.49777
0.019255
0.25104
0.14074
0.0030494
0.029041
0.017083
0.016633
0.4777
0.13696
0.058055
0.019058
0.13313
0.0067762
0.12787
0.041065
0.043648
0.05692
0.74303
0.0046463
0.25105
0.029964
0.0366
0.052088
0.079319
0.052523
2.01
0.037154
0.04108
0.065639
0.0069366
18.296
0.29745
0.13657
0.02191
0.044919
0.073656
0.011105
0.052265
0.1668
0.25096
0.0051225
0.018416
0.13313
0.026429
0.053946
0.051337
0.18768
0.2988
0.083238
0.47745
0.15881
0.70903
0.28055
0.25095
0.053811
0.096756
0.10275
0.11547
0.12835
0.083174
0.077788
2.0072
0.017005
0.13313
0.012197
0.060875
0.025525
0.40262
0.13215
0.021718
0.99263
0.052561
0.00933
0.10273
0.97248
1.289
0.10183
0.27289
0.062924
0.011432
0.0065056
0.012197
0.0297
0.035673
0.044878
0.0075496
0.044281
0.47683
0.044206
0.008837
0.12381
0.030064
0.036935
0.03528
0.22767
0.0063089
0.18905
0.03678
0.25103
0.15226
0.036393
0.025475
0.0057175
0.027604
0.023661
0.019752
0.030138
0.13068
0.02879
0.07187
1.2767
0.021511
2.1081
0.14309
0.0058091
0.0045813
0.0043532
0.06335
0.06653
0.090587
0.13068
0.015104
2.808
0.015247
0.28073
6.8356
0.84416
0.0027001
0.035051
0.01486
0.18905
0.020581
0.35433
0.018927
0.025379
0.0048313
0.0046143
0.011856
0.056824
0.022036
18.296
0.17309
0.091023
0.26917
0.13317
0.090587
0.047471
0.090587
0.11405
0.045749
0.066955
8.8432
0.019283
0.012197
0.030895
0.12926
0.032317
0.099781
0.021271
0.019494
0.020214
0.030659
0.22618
0.032652
0.023663
0.073632
0.040579
0.03207
0.003022
0.61488
0.03923
0.032918
0.0115
0.02577
0.11494
0.27603
0.24316
0.35184
0.042296
0.031544
2.0726
0.076705
0.044299
0.061162
0.040558
0.0091963
0.041786
0.077815
0.11423
0.13243
0.13536
0.3013
0.016633
0.25101
0.03209
0.25094
0.01374
10.814
0.68721
0.040356
0.22299
0.021335
0.067283
0.02652
0.044285
0.21016
0.0044933
0.030244
0.13325
0.026811
0.04624
0.029913
0.025919
0.0066462
0.39756
0.0062998
0.011787
0.27994
0.067623
0.013121
0.090587
0.028358
0.11475
0.20203
0.23645
0.09928
0.0063587
0.026521
1.2951
0.0064268
0.067412
0.013993
2.6416
0.0056495
0.019142
0.0045743
0.04479
0.18977
0.027163
0.040933
0.029875
0.067813
0.30066
0.35184
0.055931
0.054945
0.015212
0.010606
0.012307
0.33719
0.04297
0.036759
0.59807
0.14074
0.028594
0.048197
0.029155
0.048444
0.15685
0.0045664
0.015974
0.20329
0.89673
0.012197
0.06283
0.064616
0.010156
0.057445
0.11355
0.14074
2.3353
0.0443
0.11555
0.092473
0.053826
0.022246
0.66508
0.25186
0.019058
0.026521
0.02049
0.067763
0.094957
1.299
0.09913
0.023753
0.026149
0.054835
0.078213
0.020942
0.0071273
0.048087
0.090642
0.057066
0.056219
0.22357
0.060875
0.044838
0.026784
0.007002
0.1027
0.013037
0.075628
0.0054703
0.004844
0.03133
0.13313
0.0045886
0.013407
0.029041
0.032867
0.053552
0.13448
0.068462
0.012197
0.077581
0.21304
0.27991
2.0131
0.012229
0.020603
0.015485
2.0374
2.8383
0.023438
0.018989
0.024867
0.33719
0.72473
0.022153
0.086865
0.0068594
0.052274
0.068325
0.020555
0.14083
0.03283
0.055542
0.20999
0.14074
0.017113
0.030418
0.026521
0.012168
0.097014
0.10259
0.06653
0.032005
0.026688
0.051587
0.13322
0.032795
0.88296
0.065541
0.22675
0.11503
0.006045
0.029041
0.060875
0.0069464
0.039836
0.14136
0.035342
0.010226
0.026521
0.28059
0.53617
0.28317
0.020871
0.02214
0.037048
0.020603
0.020821
0.027113
0.086353
0.0027001
2.6058
0.021684
0.35489
0.074373
0.032645
0.092189
0.0443
0.013925
0.0051303
0.2034
0.046712
0.049285
0.0061232
0.2495
0.049366
0.090587
0.046467
0.075857
0.10416
0.01781
0.044326
0.044542
0.0049773
0.037322
0.060988
0.064406
0.21007
0.021809
0.09156
0.060998
0.028147
0.0429
0.040641
0.0042849
0.078906
0.0063028
0.032669
0.03069
0.02086
0.25094
0.02652
0.011985
0.33595
0.0067762
0.039458
0.037099
0.12532
0.004854
0.052259
0.026521
0.0067762
0.071044
0.017024
0.020913
0.079349
0.0035626
1.0923
0.25095
0.012824
0.036992
0.054631
0.065106
0.029041
0.020582
0.020787
0.028147
0.038034
0.30274
0.031292
0.29396
0.15826
0.047142
0.067762
0.30519
0.86019
0.01521
0.0045765
0.0044085
0.015425
0.10261
0.83874
0.020835
0.13536
0.29259
0.076232
0.021162
0.065263
0.25102
0.020676
0.026192
0.0062117
0.023682
0.06622
0.065094
0.15873
0.046706
0.0057175
0.13313
0.074141
0.046657
0.012197
0.075504
0.023693
0.041023
0.076886
0.70894
0.030597
2.856
0.084354
0.037254
0.18494
0.0095161
0.011965
0.0066109
0.021145
0.020471
0.06691
0.028147
0.043276
0.60257
0.60494
0.044499
0.0050661
0.13313
0.13315
0.16778
0.027491
0.052163
0.14079
0.028834
0.043013
0.076529
0.052504
0.029553
3.8597
0.13536
0.11244
0.19004
0.1334
0.35184
0.016633
0.058372
0.065212
0.052216
0.023416
0.034755
0.064554
0.016633
0.033753
0.0063089
0.020656
0.020778
0.14084
0.036762
0.05573
0.17566
0.078845
0.067762
0.044525
0.015863
0.022636
0.12659
0.0035449
0.028147
1.183
0.30891
0.14973
0.032415
0.0057562
0.33719
0.0063075
0.14081
0.078951
0.014097
2.0685
0.3338
0.027966
0.052209
0.0065896
0.0443
0.17881
0.028147
0.1777
0.06743
0.069382
0.0050889
0.10248
0.004744
0.038956
0.16671
0.060895
0.004106
0.041804
0.060875
0.017917
0.06653
0.019413
0.020963
0.12724
18.296
0.74072
3.1402
0.016897
0.60406
0.006295
0.094367
0.21007
0.025416
0.083131
0.019762
2.581
0.12631
0.036871
0.020239
0.061003
0.036072
0.13068
0.78459
0.050731
0.094161
0.031184
0.011221
0.14085
0.81867
0.0049928
0.1087
0.011348
0.055368
0.023718
0.66954
3.2967
0.051441
0.0044785
0.032633
0.073467
0.10395
0.15559
0.065074
0.27872
0.097216
0.083229
0.048147
0.020473
0.15883
0.041576
0.017015
1.5429
0.083242
0.036779
0.0050231
0.056283
0.015247
0.020548
0.028147
0.086642
0.020484
0.44647
0.021257
0.052283
0.30519
0.16495
0.27811
0.029041
0.015247
0.032667
2.6087
0.02249
0.048251
6.56
0.038346
0.14074
0.056115
0.064263
0.087301
0.010792
0.18905
0.010029
0.25776
0.26093
0.035709
1.0577
0.03591
0.052117
0.015238
0.087739
0.032985
0.1667
0.020465
0.052223
0.02659
0.046339
0.096353
0.11852
0.020603
0.058965
0.10278
0.010076
0.0058473
0.083201
0.039301
0.076441
0.065078
1.5759
0.28104
0.027428
0.0067327
0.015279
0.0073188
0.036443
0.021184
0.030755
0.034793
0.30519
0.065972
0.88085
0.084074
0.10124
0.022329
0.10395
0.077971
0.067863
0.13313
0.0027034
0.038275
0.052156
0.082441
0.12282
0.15897
0.13795
0.053813
1.3587
0.094493
0.0051854
0.030604
0.028147
0.052303
0.10395
0.05212
0.044299
0.20454
0.032652
0.012667
4.3859
0.013737
0.11529
0.010226
0.0048048
0.078996
0.35364
0.02587
0.048241
0.028147
0.18194
0.010405
0.0029854
0.036767
1.0935
0.035524
0.14081
0.0078372
0.14081
0.024811
0.020484
0.07635
0.020119
0.031895
0.021859
0.037198
0.010226
0.21481
0.067763
0.048147
0.037273
0.16806
0.01837
18.296
0.031604
0.010875
1.1006
0.37054
0.050627
0.10171
0.031384
0.039408
0.22934
0.0443
0.01874
0.018482
0.015229
0.05209
0.027396
0.0057
0.15507
0.022904
0.025299
0.0062864
0.015247
2.3565
0.03718
0.0095604
0.0046511
0.012559
0.068991
0.15598
0.33323
0.012271
0.04469
0.032076
0.18835
0.35266
0.042137
0.13237
0.023473
0.010242
0.4777
0.030731
0.10825
0.17326
0.028054
0.076196
0.020603
0.90418
0.052115
0.054009
0.065169
2.5945
4.5231
0.039031
0.0062406
0.019187
0.011424
0.14096
0.010221
0.33338
0.055486
0.064825
0.028006
0.11434
0.01065
0.032928
0.030748
0.01225
0.04485
0.17467
0.10266
0.35314
0.032598
3.4605
0.060992
0.010226
0.010753
0.013861
0.23574
0.027094
0.026489
5.7957
0.020603
0.005407
0.0075593
0.20409
0.056154
0.0062528
0.061673
0.011701
0.015706
0.21023
0.067795
0.0036761
0.12331
0.083204
0.01831
0.041088
0.095602
0.4777
0.011755
0.05197
0.28095
0.030801
0.87937
0.033823
0.012197
0.06653
0.023668
0.026805
1.0812
0.016706
0.063964
0.46189
0.042466
0.13313
0.026521
0.18645
0.084549
0.067764
0.078324
0.066502
0.10315
0.065155
0.033775
0.046093
0.013733
0.016683
0.17171
0.005286
0.020475
0.11365
0.035882
0.029346
0.076012
0.035759
0.01173
0.060875
0.0089755
0.067574
0.13068
0.0031058
4.8602
0.045047
0.06653
0.0443
0.17633
0.06089
0.060875
0.10395
0.21025
0.0067762
0.01385
0.011377
0.022176
0.016633
0.036919
0.032447
0.011445
12.605
0.3504
0.025989
0.70889
0.032841
0.061976
0.049429
0.28828
0.077148
0.11388
0.047941
1.3526
0.092789
0.11515
0.16241
0.023658
0.0074267
0.0067762
0.016759
0.0052403
0.061814
0.016633
0.0041479
0.076373
0.046409
0.021787
0.028147
0.092433
1.0167
0.068915
0.028772
0.083184
0.13379
0.050035
0.12227
0.20741
0.062608
0.047959
0.075628
0.7091
0.048147
0.029995
0.078883
0.84185
0.048147
0.029839
0.065422
0.20688
0.032106
0.053943
0.28248
0.015247
0.044297
0.032966
0.037001
0.054005
3.268
0.012017
0.0062873
0.032367
0.071261
0.0058633
0.097203
0.090587
0.16666
0.044394
0.060041
0.063898
0.044188
0.042015
0.030671
0.20899
0.0066938
0.16311
0.036782
0.060875
0.030109
0.0059714
0.11665
0.048593
0.044352
0.11463
0.026521
0.0092972
0.044807
0.025886
0.1343
0.014916
2.0512
0.020679
0.35202
0.037951
0.044355
0.089118
13.696
0.036841
0.37811
0.011616
0.16667
0.0086291
0.13313
0.13438
0.019122
0.07678
0.015227
0.023701
0.0048622
0.055299
0.048806
0.0048005
0.10259
0.029015
0.0092161
0.096818
0.032659
0.029624
0.032909
0.042459
0.0443
0.022439
0.0041228
0.22808
0.015172
0.055819
0.0443
0.090587
1.6843
1.3188
0.034747
0.010226
0.26993
0.15744
0.035152
0.33719
0.13531
0.37369
0.13068
0.0045778
0.015247
0.18992
0.036719
0.040476
0.070585
0.47739
0.031974
0.026988
0.009506
0.16435
0.06409
0.0032137
0.004592
0.033724
0.092593
0.014273
0.015554
0.0057856
2.6993
0.013083
0.050841
0.06653
0.014069
0.0045851
0.20874
0.059988
0.025837
0.094062
0.011415
0.050901
0.20329
0.17486
0.043842
0.0059571
0.025693
0.10355
0.052274
0.067003
0.012504
0.52616
0.036146
0.038585
0.092764
0.019622
0.030524
0.21727
0.1838
0.044407
0.016633
0.061876
0.02453
0.0063089
2.0411
0.032624
0.023996
0.01709
0.090899
0.030233
1.3022
0.011526
0.050266
0.47644
0.052052
0.020899
0.18213
0.076223
0.23945
0.58503
0.033848
0.13202
0.010226
1.2667
0.11368
1.8254
0.13073
0.052113
0.010226
0.020999
0.054087
0.03261
0.30519
0.012197
0.037025
0.016641
0.018233
0.026366
0.011538
0.10713
0.0061337
0.49053
0.016691
0.28039
0.47726
0.18806
0.014847
10.636
0.031716
0.087242
0.040618
1.2968
3.6404
0.15565
0.15351
0.044299
0.046371
0.29382
0.02329
0.0063062
0.25094
0.026535
0.006107
0.051116
0.020698
0.016633
0.047687
0.056039
0.054993
0.025896
0.041112
0.4777
0.030768
0.027585
0.0063089
0.044628
0.021218
0.0049251
0.054233
0.048321
0.032031
0.0054928
0.046139
0.037082
0.072453
0.030034
0.030636
0.020734
0.87815
0.093901
0.011328
0.052567
0.14347
0.012553
0.70902
0.014975
0.14074
0.59689
0.47756
0.029041
0.05387
0.082969
0.020569
0.046532
0.091378
0.12284
0.0050178
0.021
0.024737
0.015231
0.026053
0.018727
0.044304
0.015198
0.0062969
0.8329
0.21023
0.083188
0.036753
0.026173
0.039316
0.021369
0.035641
0.044264
0.25094
0.048212
0.030567
0.22765
0.18845
0.023564
1.2979
0.013734
0.061426
0.010226
18.296
0.04429
0.061728
0.26961
0.13524
0.048147
0.029528
0.076214
0.30519
0.015817
0.709
0.012185
0.056117
0.021298
0.096767
0.2471
0.075628
0.02046
0.0307
0.78025
0.027137
3.9664
1.2845
0.23677
0.074406
0.044337
0.35184
0.014143
0.0094053
0.10332
0.13536
0.22846
0.013654
0.036454
0.33505
0.21009
0.057807
0.032738
0.0062884
0.0043897
0.11427
0.044391
0.22076
0.13313
0.048919
0.022272
0.0066585
0.01536
0.58851
0.025865
0.094822
0.060987
2.5834
0.022733
0.040917
0.14994
0.11453
0.060875
0.0443
0.05993
0.053911
0.053985
0.055961
0.60153
0.020551
0.020458
0.04885
0.064449
11.679
0.0041564
0.066746
0.067764
0.25094
0.13937
0.053811
0.045504
2.008
0.016633
0.14101
1.2916
0.11604
0.33266
0.19011
0.053836
0.21036
0.0067762
0.10617
0.0221
0.25858
0.036849
0.33719
0.067764
0.020557
0.040663
0.030875
0.068283
0.11168
0.053811
0.052555
0.11038
0.20324
0.0042133
0.044284
0.13536
0.023694
0.041708
0.016633
0.0054476
0.036968
0.14074
0.069155
0.044458
0.076266
0.13536
0.3479
0.22093
0.067762
0.09635
0.066526
0.015247
0.044497
0.064066
0.35184
0.066713
0.075628
0.18863
0.30596
0.45606
2.0469
0.29949
0.06605
0.032823
0.095747
0.14303
0.23711
0.15931
0.10445
0.71244
3.6628
0.0064367
0.11397
0.065073
1.76
0.18813
0.35219
1.3567
0.076458
0.20328
6.9248
2.5925
0.075628
0.012197
0.0060173
0.27884
0.069655
0.0050344
0.35341
2.2248
0.29166
0.016633
0.032801
0.031078
0.085439
0.012053
0.38878
0.0060484
0.015222
0.076711
0.11436
0.43304
0.043128
0.070921
0.05327
0.010693
0.076504
0.013007
0.47656
0.13516
0.091434
0.023666
0.03574
0.14838
0.0077731
0.0041347
0.060759
0.081983
0.13012
0.011292
0.0764
0.014049
1.857
0.093473
0.030715
0.047102
0.046749
0.052274
0.01967
0.057459
0.13337
0.012686
0.47733
0.052077
0.018367
0.066473
0.047414
0.12301
0.044335
0.19851
0.25094
0.13068
0.048861
0.044722
0.6023
0.017095
0.082593
0.021945
0.048147
0.036744
0.013222
0.037435
0.20322
0.052076
0.032649
0.012197
0.053851
0.0067762
1.1017
0.097096
0.36608
0.1229
0.089827
0.048147
0.030968
0.47697
0.059897
0.21414
0.10402
0.067497
0.026597
0.3193
0.040993
0.019058
0.015245
0.043992
0.032689
0.037195
0.031825
2.1477
0.18905
0.025517
0.2795
0.27716
0.03427
0.025954
0.044754
0.068003
0.021474
0.052487
0.086576
3.6554
0.048147
0.13536
0.17704
0.035559
0.47694
0.0045881
0.071531
0.024015
0.043623
0.076209
0.014953
0.036765
0.040989
0.0047167
0.026631
1.0074
0.0044616
0.09635
0.029041
0.034978
0.065321
0.10258
0.03167
0.078978
0.0062896
0.029041
0.0074616
0.065088
0.054055
0.015663
0.090587
0.074945
0.013446
0.053154
0.076659
0.0048063
0.052274
0.0075794
0.025239
0.59821
0.25094
0.025129
3.8295
0.13767
0.13536
0.027887
0.018204
0.47742
0.33933
0.040924
0.053666
0.023406
0.046029
0.067763
0.048216
0.30984
0.072763
0.026521
2.0168
0.064966
0.62433
0.27792
0.034697
0.048201
0.0097331
0.12497
0.57774
0.028096
0.27768
0.048903
0.049832
0.076139
0.37958
0.05417
3.4776
0.10395
0.040571
0.003245
0.01305
0.075628
0.055064
4.4992
0.70907
0.1116
0.0443
0.044477
0.12159
0.048524
0.04068
0.4777
0.075628
0.031991
0.060875
0.13329
0.25096
0.0060583
0.026521
0.02375
0.051711
0.10228
0.050907
0.022091
0.15982
0.055475
0.053816
0.22782
0.065273
0.021497
0.13332
0.040689
0.12434
0.10683
0.052448
0.14074
0.048348
0.065217
0.17974
0.60195
0.03126
3.3165
0.12276
0.0046983
0.0073343
0.035566
0.011411
0.060284
0.044296
0.15376
1.4175
0.27981
0.034204
0.068877
0.041937
0.053805
0.024419
0.043821
0.0066777
0.090587
0.040973
0.016633
0.057543
0.026935
0.21034
1.293
0.098642
0.013977
0.11073
0.067764
0.056241
0.012398
1.4745
0.2963
0.036741
0.046216
0.023124
0.028506
0.1038
0.34742
0.035254
0.077443
0.020446
0.11135
0.14074
0.048147
0.053907
0.065824
0.01089
0.11199
0.030797
0.10236
0.70897
0.067764
0.064299
0.0048809
0.06811
0.041166
0.087468
0.038409
0.056646
0.11956
0.090587
0.051493
0.13342
0.032756
0.43585
0.014905
0.30519
2.0232
0.25094
0.18431
0.060907
0.15619
0.043291
0.70885
0.030936
0.020169
0.020598
0.036676
0.0092367
0.020445
0.076231
0.044369
0.052186
0.0059418
2.184
0.031528
0.24031
0.013248
0.02649
0.4777
0.019339
0.13253
0.064756
0.013506
0.016633
3.9842
0.046639
0.03278
0.023652
0.18536
0.070224
0.036485
0.0443
0.0061172
0.37291
0.01987
0.021074
0.036746
0.1352
0.0062945
0.019058
0.23917
0.096919
0.13523
0.079308
0.021287
0.20931
0.078781
0.0645
0.054885
0.044441
0.14602
0.046019
0.030775
0.0060906
0.049189
0.22912
0.0040024
0.73864
0.076042
0.18905
0.042584
0.0063089
0.026521
0.044294
0.01181
0.35383
0.1341
0.011151
0.0057175
0.011887
0.076093
0.11362
0.18819
0.27807
0.046563
0.015247
0.010488
0.1024
0.06653
0.01053
0.030992
0.046879
0.030254
0.060912
0.020603
0.096874
0.048866
0.1037
0.0056627
0.33719
0.18935
0.007301
1.5497
0.13313
0.013244
0.025642
0.0047651
0.13536
0.0067762
0.021877
0.067762
0.8874
0.02047
0.032259
0.25267
0.0074483
0.016633
0.052081
0.031292
0.079659
0.012456
0.09635
0.013164
0.36832
0.054412
0.060879
0.10197
0.0062902
0.7087
0.0059606
0.027702
0.060977
0.016633
0.028147
0.052785
0.026521
0.032014
0.096423
0.015714
0.042857
0.061082
0.046623
0.034601
0.031362
0.015922
0.036256
0.067762
0.0443
0.065092
0.076229
0.25094
0.031101
0.019058
0.083391
0.026521
3.6585
1.2943
0.036318
1.34
0.02066
0.079013
0.04891
0.052274
0.18905
0.04669
0.067797
0.097268
0.0062986
1.1884
1.2925
0.010226
0.032277
0.056412
0.25094
0.025907
0.025459
0.044573
0.13068
0.065377
0.044273
0.06299
0.16565
0.0061926
0.019058
0.096019
0.032631
0.09635
0.0075927
0.018548
0.016427
0.0658
0.14845
0.19675
1.0905
1.4563
0.09635
0.051957
0.20496
0.031292
0.046714
0.14565
4.9042
0.085078
0.044181
0.12024
0.027793
0.02602
0.053835
0.04063
0.065099
0.032282
0.030736
0.026357
0.051025
0.14449
0.017094
0.023726
0.47634
0.041083
0.01975
0.0049516
3.656
0.036786
0.090947
0.1298
0.055147
0.14078
0.079138
0.18711
0.040764
0.067941
0.20799
0.021464
0.012276
18.296
0.024431
0.0059086
0.055458
0.18905
0.019058
0.0062846
0.14114
0.036611
0.011021
0.31425
0.27943
0.030722
0.036649
0.013744
0.0042331
0.053811
0.012574
0.13457
0.09693
0.075628
0.025848
0.13453
0.29198
0.024323
0.14047
0.023662
0.0051687
0.011276
0.093354
0.10028
0.061765
0.060925
0.015247
0.010923
0.034859
0.015045
0.044299
0.20434
0.06653
2.009
0.083176
0.1408
2.251
0.016539
0.041091
0.046727
0.081085
0.281
0.052339
0.19541
0.0049458
2.5919
0.2989
2.6049
0.047647
0.0067762
0.015247
0.018699
0.23532
0.98371
2.6019
0.1466
0.035176
0.019712
0.045952
0.036549
0.70843
0.037156
0.070318
0.026203
0.044364
0.027882
0.006025
0.083246
0.076274
0.060875
0.012178
0.020452
0.011867
0.097166
0.16666
0.058318
0.043641
0.07584
0.0045893
0.012197
0.018467
0.016157
0.036764
0.01477
0.047807
0.0062977
0.078011
0.079477
0.023684
0.31119
0.061006
0.046108
0.060875
0.13832
0.094287
3.7778
0.011558
1.2811
0.031292
0.020603
0.13536
0.029897
0.020503
0.14516
0.13313
0.55965
0.079247
0.031216
0.031241
0.011201
2.7923
0.0062995
0.056542
0.052012
0.0053706
0.051927
0.70854
0.011352
0.13536
0.01757
0.06508
0.18903
0.032451
0.27202
0.0056354
0.0443
0.057916
0.006297
0.0047234
18.296
0.019058
0.07622
1.365
0.0048108
0.013751
0.050846
0.076357
0.19793
2.6285
0.041011
0.028079
1.7239
0.090784
0.033488
0.013779
0.053968
0.0067762
0.03388
0.14793
0.0077989
0.019929
1.435
0.020603
0.051223
0.023251
5.5821
0.011419
0.020521
0.1297
0.1977
0.10264
0.077067
0.053731
18.296
0.01704
0.04098
0.015126
0.033628
0.011651
0.098591
0.090587
0.087032
0.0050592
0.1148
0.0060403
0.19719
0.067764
0.0067762
0.015286
0.076213
0.019058
0.048434
0.1046
0.015152
0.0058855
0.014586
0.02648
4.8224
0.16678
0.019058
0.69257
0.069149
0.028953
0.056744
0.064392
0.1605
0.020671
0.064878
0.0031224
0.068415
0.012197
0.04665
0.018877
0.18905
0.13536
0.023659
0.026264
0.0055202
0.29789
0.06653
0.076293
0.48475
0.25094
0.032995
0.11208
0.13314
0.0443
0.018677
0.013067
0.060442
0.076136
0.048404
2.3143
0.16748
0.055872
1.2513
0.01452
0.044777
0.187
0.10093
0.4777
0.051862
0.023352
0.0048226
0.044736
0.47752
0.053867
0.067539
0.12306
0.014228
0.044559
0.027507
0.026506
1.7463
0.0045859
0.016633
0.060987
0.091317
0.028466
0.16668
0.27962
0.019058
0.62741
0.10292
0.012608
0.027913
0.053415
0.0075111
0.019882
0.014487
0.1705
0.011051
0.028884
0.13346
0.037079
0.036755
0.27466
0.024443
0.21192
0.035263
0.004809
0.0063114
0.023315
0.25099
0.032716
0.046308
0.073821
0.012197
0.020486
0.010226
0.023638
0.0046278
0.046148
0.029041
0.012209
0.18916
0.021282
0.067762
0.016633
0.18962
0.029197
0.09069
0.28022
0.048147
0.070647
0.031277
0.014249
0.067765
0.15326
0.048817
1.2791
0.028147
0.042994
0.045902
0.047848
0.20051
0.037059
0.010166
0.021353
0.14074
0.1668
0.060579
0.064153
0.028147
0.13292
0.04607
0.28908
0.0041314
0.33555
0.052105
0.052837
0.3035
0.031292
0.4777
0.032782
0.016633
0.064645
0.0047997
0.067762
0.053831
0.089723
0.052349
0.0058755
0.13313
0.011458
0.018957
0.060875
0.048147
0.065928
0.80263
0.081803
2.1228
0.11418
0.032352
0.011674
0.013695
0.044486
0.10074
0.019736
0.10648
0.14084
0.017891
0.048183
0.13231
0.084829
0.015341
0.4777
0.16402
0.0060647
0.16674
0.18905
0.22946
0.078073
0.13367
0.065297
0.12293
0.01836
0.020648
0.020529
0.01206
0.048667
0.030664
0.05127
0.020392
0.018859
0.0245
0.251
0.051931
0.061481
0.031178
0.066145
0.04434
0.0063089
0.0046861
0.01577
0.0074771
0.0069883
2.7713
0.048907
0.073104
0.031284
0.022478
0.050958
0.017601
0.017143
0.012197
0.42355
0.026518
0.16669
0.13522
0.046552
0.60377
5.9659
0.010833
0.040388
0.029423
0.039952
0.0063089
0.0056892
0.048858
0.031202
1.2865
0.032036
0.097142
2.0616
0.046604
1.3999
0.11482
0.051145
0.62888
0.25104
0.06343
0.15868
1.149
0.87595
0.06535
0.0060868
0.0075314
0.032063
0.0074419
0.25098
0.10395
0.060937
0.096641
0.036234
1.206
0.19403
0.010226
0.0041984
0.056533
0.092384
0.065553
0.051076
0.040802
0.1019
0.023677
0.0067762
0.059529
0.036531
0.042626
4.1564
0.0046802
0.15162
0.017046
0.02367
0.26728
0.083221
0.059804
0.037861
0.013196
0.027638
0.065099
0.014195
0.20588
0.053977
0.0061382
0.15864
0.10395
0.70883
0.05045
0.053811
0.036962
0.026232
0.036782
0.13443
0.13691
0.13126
0.10395
0.0047756
0.71002
0.076163
0.80864
0.032153
0.053996
0.021891
0.004682
0.76564
0.022849
0.046611
0.046492
0.065379
0.70881
0.075628
0.13174
0.021175
0.076253
0.061995
0.029072
0.01429
0.052274
0.046364
0.067762
0.094779
0.13536
2.4561
0.053811
0.060875
0.06508
0.18894
0.015368
0.04645
0.040726
0.13068
0.087418
0.0092541
0.018105
0.031292
2.1014
0.20818
0.22635
0.05208
0.031399
0.040321
0.051011
0.0060846
0.019058
0.14074
0.13535
0.037104
0.0095824
0.029041
0.067328
0.09635
0.10769
0.0028947
0.063266
0.35184
0.013743
0.003482
0.024062
0.0063271
0.1028
0.030169
0.053822
0.20333
2.5826
0.036752
0.20751
1.2958
0.052274
0.27835
0.063444
0.044299
0.0064163
0.032081
0.016633
0.13371
0.019058
0.0029234
0.0070721
0.054371
0.048192
0.065248
0.33867
0.026454
0.26379
0.0048034
0.21158
0.015081
0.046273
0.013749
0.13313
0.076233
0.020878
0.04346
0.031292
0.024086
0.076794
0.023689
0.093528
6.1473
0.17794
0.048834
0.012197
0.037114
0.0088931
2.598
0.33719
0.065226
0.026485
0.09017
0.018419
0.005746
0.33719
0.017065
4.097
4.056
0.038816
0.059412
0.027813
0.020612
0.01041
0.048276
0.25105
0.47647
0.022422
0.071303
0.25094
0.23193
1.3933
0.016343
0.0067762
0.023713
0.018039
0.24579
0.036248
0.35358
0.14709
0.23764
0.080659
0.10755
0.047008
0.13097
0.0053502
2.5259
0.036892
0.26552
1.3727
0.18723
0.011899
0.067766
0.35184
1.1458
0.09635
0.11648
0.07165
0.045673
0.033459
0.016731
0.071619
0.038049
0.14779
0.0040959
0.028977
0.060875
0.024575
0.12343
0.041029
0.15907
0.034168
0.019963
0.018093
0.044276
0.10263
0.0055926
0.005075
0.013744
2.0157
0.065111
0.0043094
0.0078957
0.05393
0.027692
0.16396
0.13534
0.010551
0.0098303
0.27919
0.046585
0.046361
0.0443
0.053811
0.012759
0.20583
0.048147
0.0523
0.83913
0.2101
0.033105
0.17093
0.0044252
0.0071102
0.70835
0.13722
1.2561
0.036756
0.041075
0.0058032
0.11107
0.065865
0.10269
0.067773
0.020603
0.0031318
0.1673
0.098777
0.14143
0.04516
0.024487
0.096454
0.046084
0.15585
0.024411
0.046786
0.018025
0.030387
0.010572
0.14069
0.044296
0.18842
0.123
0.0045781
0.042062
0.071223
1.3245
0.18905
0.66246
0.038457
0.094446
0.076859
0.071593
0.051847
0.006357
0.2725
0.14533
0.075834
0.012947
0.055837
0.053991
0.0057175
0.048147
0.044956
0.013206
0.014006
0.009904
0.4777
0.35185
0.0067957
0.064009
0.25585
0.02948
0.060597
0.069973
0.044341
0.053811
0.0059924
0.05095
0.012197
3.1122
0.051193
0.07357
0.041916
0.23407
0.052098
0.034347
0.016633
0.20337
0.060971
3.6419
0.15872
0.037325
0.043438
0.35184
0.052237
0.064287
0.036455
0.047283
0.018911
0.016633
0.047204
0.036775
0.024464
0.15756
0.075637
0.018869
0.84631
0.02082
0.06653
0.10274
0.035042
0.075979
0.031069
0.39496
0.076671
2.0552
1.2021
0.091294
0.18905
0.032051
0.11525
0.020888
0.14074
0.048871
0.26933
0.027968
0.10389
0.063629
0.056244
4.1791
1.3627
0.012197
0.017545
0.25094
5.1172
0.024623
0.020841
0.64732
0.35226
0.051299
0.040515
0.027148
0.35184
0.031938
0.14151
0.040878
0.061292
0.075157
0.020603
0.352
0.33969
0.10857
0.0057175
2.9313
0.01524
0.065074
0.075628
0.013744
0.032135
0.076227
0.013884
0.341
0.23342
0.026085
0.020923
0.79522
0.097043
0.037902
0.090265
0.027355
0.10276
0.20695
0.0074628
0.04647
0.16749
0.032342
0.026504
0.039088
0.015787
0.25533
0.063761
0.35184
0.075386
0.075695
0.020111
0.067763
0.0029138
0.012577
0.11581
0.35184
0.40556
0.33719
0.032628
0.0090488
0.13319
0.4777
0.030782
0.053811
0.013615
0.077485
0.4766
0.10706
0.032668
0.052274
4.6305
0.068824
0.044382
0.15652
0.020709
0.012902
0.01907
0.0065125
0.38089
0.1352
0.18905
0.13344
0.032625
0.047433
0.024592
0.076086
0.023844
0.045092
0.0095874
0.048643
0.10246
0.038913
0.031789
0.0093336
0.0075622
0.096983
0.27953
0.079061
0.36105
0.044655
3.6576
0.063521
0.20335
0.010953
0.056305
0.077529
0.025584
0.019106
0.023659
0.065076
0.13113
0.70909
0.0063089
0.075054
0.015247
0.0236
0.0054141
0.023727
0.4777
0.012197
0.011365
0.0027149
0.049719
0.19001
0.16173
0.026248
0.012095
3.2849
0.037364
0.0073795
0.4777
0.4767
0.036686
0.0048095
0.040951
0.14079
0.019058
0.060875
0.5396
0.10999
0.015408
0.079495
0.020469
0.045542
0.037141
0.0046351
0.31363
1.1052
0.35184
0.016633
0.13135
0.0063083
0.0027001
0.28519
0.021342
0.067763
0.031951
0.024511
0.040822
0.37626
0.06653
0.048147
0.066863
0.032817
0.026521
0.33719
0.036879
0.020297
0.36884
0.060991
0.21004
0.03062
0.076223
0.091869
0.1019
0.16675
0.022566
0.06653
0.024146
0.09635
0.080791
0.083249
0.021706
0.039261
0.28976
0.033545
0.055735
0.4777
0.097488
0.038762
0.016714
0.035716
0.013491
0.052104
0.0065315
0.10222
0.075628
0.0044488
1.285
0.14501
0.019201
0.021345
0.019169
0.048917
0.1903
0.036183
0.045876
0.040257
0.47674
0.019058
0.0047486
0.058603
0.037406
0.82894
0.088734
0.22907
0.03026
0.067762
0.067762
0.052025
0.013767
0.038873
0.035989
0.010363
0.061603
0.065081
0.33449
0.028147
0.010378
0.055678
0.10238
1.2578
0.015207
0.18905
1.1071
0.083191
0.037013
0.035388
0.029041
0.1115
0.02807
0.025903
0.0030348
0.011413
0.028641
0.062137
0.044267
0.018645
0.052246
0.040419
0.36168
0.043587
0.021132
0.067762
0.010174
0.0042253
0.076315
0.0443
1.3152
0.032647
0.010226
0.015199
8.4686
0.006291
0.090587
0.75089
0.0063025
0.007648
0.043706
0.055562
0.016633
0.0045769
0.13461
0.08265
0.31568
0.044283
1.1447
0.032026
0.015301
0.044798
0.020811
0.016633
2.2714
0.067601
2.1362
0.034414
1.3427
0.051533
0.02149
0.017233
0.026823
0.029748
0.0048184
0.4777
0.073166
0.14074
0.027611
0.18168
0.020809
5.1998
6.5967
0.10204
0.33429
0.20778
0.048147
0.10283
0.067985
0.076204
0.083162
0.09635
0.013226
0.028147
0.083212
0.60299
0.023698
0.3339
0.019223
0.10263
0.052274
0.091268
0.17347
0.020497
0.35409
0.055631
0.011997
0.16673
0.27796
0.11331
0.95705
0.052274
0.0048951
3.4449
0.1573
0.011408
0.071296
0.29822
0.037292
0.048147
0.8559
0.009122
0.50096
0.040332
0.041017
0.053811
0.35269
0.35302
0.026521
0.0047618
0.021358
0.017978
0.063861
1.0779
0.040628
0.21028
0.0086896
0.004818
0.013104
0.017067
0.035831
0.30304
0.14717
0.0065822
0.0063089
1.6549
1.9081
0.01844
0.27375
0.47707
0.020717
0.13068
1.1578
0.01058
0.026521
0.020775
0.033146
0.02046
0.029729
0.045804
0.11101
0.16695
0.019053
1.5513
0.026378
0.67868
0.29856
0.27422
0.017056
0.0059204
0.30038
0.04433
0.05804
0.096412
0.020603
0.1845
0.15527
0.6032
0.33349
0.24067
0.13531
0.071889
1.9786
0.18775
0.18905
0.019058
0.012197
0.36364
0.11341
0.033537
0.017038
0.032056
0.066381
0.030836
0.090587
0.035435
0.056088
0.16672
0.0060967
0.21318
0.11507
0.13532
0.015571
0.052256
0.0038906
0.053987
0.032671
0.027461
0.0050503
0.60049
0.036886
0.29752
0.13333
0.027993
0.32753
0.16715
1.8083
0.030947
0.019058
4.364
0.0065648
0.060875
0.23013
0.82772
0.053961
0.060875
0.030848
4.3055
0.017079
0.031067
1.1313
0.07661
0.052092
0.09635
0.044299
0.053841
0.053969
0.1228
0.24164
0.0063089
0.0093805
0.031961
0.022753
0.044299
0.067275
0.010976
0.010621
0.22835
0.060875
0.10395
0.055227
1.488
0.020916
0.011401
0.93163
2.175
0.056008
0.091827
0.3529
5.342
0.012774
3.6516
0.075768
0.023488
11.24
0.15644
0.20322
0.026487
0.029041
0.011115
0.0050044
0.2275
2.4309
0.026403
0.068625
0.003192
0.0443
0.03268
0.061006
1.0913
0.010944
0.0051731
0.043529
0.02079
0.022453
0.63298
0.014614
6.2586
0.056481
0.09635
0.014074
0.27932
0.096619
0.86923
0.0074867
0.067884
0.079176
0.075628
0.10279
0.021285
0.10387
0.020514
0.13068
1.2878
0.47767
0.052945
14.049
0.33705
0.064419
0.040997
1.2965
0.018453
2.0899
0.012846
0.021126
0.053899
0.023661
0.14055
0.091214
0.0067762
1.2387
2.5889
0.02063
0.06463
0.0040896
0.0050812
0.0063417
0.048735
0.052195
0.04774
0.0027343
0.03146
0.026521
0.2027
0.054594
0.0063473
0.14217
0.18975
0.029363
0.067762
0.032199
0.037647
0.053974
0.044999
0.047813
0.016481
0.022255
0.023167
0.026767
0.059124
0.010058
0.21689
0.061004
0.016633
0.031175
0.083241
0.051872
0.16707
0.067971
0.25094
0.0064798
0.0056735
0.036928
0.094084
0.03707
0.026845
0.061005
0.70836
5.6118
0.026493
1.2608
0.050702
0.0041105
0.15888
0.015778
0.028155
0.29118
0.0030939
0.016633
0.23524
0.020544
0.046632
0.22832
0.048296
0.1664
0.07006
0.032493
0.06782
0.020472
0.079453
0.070456
1.3728
0.020973
0.20498
0.020456
0.033741
0.14074
0.066608
0.014328
0.040463
0.24364
0.13536
0.075623
0.040903
0.013735
0.16526
0.031292
0.011266
0.0061679
0.18927
0.1712
0.067762
2.0308
0.050469
0.065467
0.074785
0.13968
0.15835
0.13621
0.016491
0.032622
0.033886
0.028147
0.25094
0.10395
0.036415
0.021054
0.044299
0.044388
1.1114
0.018256
0.011065
0.10244
0.043738
0.076215
0.0058163
0.021446
0.03731
0.021578
0.13521
0.0058801
0.026509
0.22736
0.036894
0.21328
0.25656
0.012806
0.020466
3.6431
0.036952
0.016554
0.017831
0.60082
0.090587
2.5897
0.33719
0.13419
0.012288
0.051915
0.25101
0.036338
0.013576
0.06653
0.30519
0.019396
0.25094
0.013092
0.082733
0.045915
0.51092
0.21941
0.1332
0.0064806
1.3226
0.013056
0.67423
0.075628
0.020936
0.012136
0.0054291
0.048245
0.034708
0.012843
0.11496
0.025601
0.02351
0.014666
0.05175
0.029044
0.024405
0.17671
0.07683
0.021307
0.044691
0.016633
0.045208
0.066687
0.030685
0.1629
0.044639
0.13267
0.0057842
0.048743
0.13068
0.022892
0.044322
0.012197
0.15812
0.33521
0.044299
1.8742
0.053862
0.13546
4.5444
0.16772
0.013949
0.036945
0.046595
0.16676
0.014808
0.054551
0.076748
0.0061812
0.090587
0.039687
0.20336
0.18804
0.026483
0.0048117
0.0064481
0.09635
0.15855
0.012753
0.026532
0.20338
0.048209
0.013187
0.0037423
0.14074
0.048147
0.083249
0.037182
0.20325
0.0058977
0.18905
0.31205
0.20242
0.59921
0.093789
0.033923
0.050852
0.009802
0.14082
0.11415
0.015579
0.044299
10.207
0.01859
0.021293
0.23797
0.064279
0.035947
0.2102
0.35184
0.019551
0.031292
0.025813
0.025662
0.019058
0.020368
0.028147
0.13313
0.020981
0.18741
0.023498
0.035193
4.064
0.067763
0.071626
0.01453
0.026521
0.5463
0.035871
0.046181
18.296
2.2352
0.024543
0.77895
0.026013
0.029291
0.07642
0.026093
0.046678
0.18905
0.0054842
0.10154
0.0045833
0.0067809
0.30435
0.059028
0.052147
0.35184
0.055413
0.70878
1.8976
0.01624
0.023711
3.6529
0.25094
1.2894
0.017059
0.060996
0.13536
0.15863
0.046734
0.0058337
0.021537
0.35184
0.06653
0.036757
0.29591
0.0048137
1.133
0.0048165
0.030841
0.051046
0.065123
0.019949
0.02069
0.036469
0.040305
0.55705
0.067762
0.075934
0.044313
0.060901
0.080958
0.071947
0.14257
2.057
0.046608
0.27841
4.7267
0.30519
0.079431
0.017082
0.0063089
0.09635
0.07332
0.04146
0.020249
0.02455
0.015247
0.020444
0.18905
0.20712
0.09296
0.069642
0.074444
0.043686
1.2628
0.024509
0.031292
0.0060351
2.5102
0.011396
0.35184
0.016633
0.0063089
0.61185
0.09635
0.011379
0.040836
0.15851
0.15859
0.14182
0.15186
0.065043
0.019058
0.09828
0.030083
0.22957
0.12407
0.035302
0.076216
0.017631
0.021249
0.029445
0.034458
0.11373
0.053876
0.075325
0.80074
2.738
0.010226
0.024951
0.037319
0.0443
5.1614
0.040526
0.18343
0.051942
0.03151
0.032067
0.1889
0.090701
0.044299
1.8649
0.026521
0.021099
0.031445
0.25094
0.03478
0.046736
0.70845
0.017426
0.17875
0.021339
0.0055694
0.015247
0.27854
0.047872
0.012409
0.052106
0.10262
0.02366
0.037587
0.025157
0.057288
0.05097
0.016633
0.10395
0.0055641
0.32833
0.063147
0.14075
0.024454
0.28741
0.18152
0.06544
0.015247
0.037204
0.032614
0.016052
0.027629
0.061108
0.020534
0.06653
0.33287
0.059361
0.031902
0.018494
0.21902
0.052124
0.013943
0.022522
0.043982
0.035538
0.06503
0.10589
0.018407
0.016994
0.0063089
0.036578
0.21802
0.036748
0.053829
0.09635
0.0047088
0.019212
2.1269
0.025773
0.1126
0.014261
0.0035195
1.5013
0.14586
0.083205
0.046662
0.067997
0.4777
0.021745
0.0054558
0.014604
1.2453
0.0049759
0.012197
0.33275
2.3711
0.056963
0.071442
0.0443
0.032642
2.3781
0.0096258
0.0028001
0.046845
0.074316
0.012791
0.0057175
1.7694
0.027069
0.21407
0.013125
0.023715
0.33863
1.2938
0.15407
0.25097
0.12325
0.1017
0.24109
0.30519
0.052454
0.010966
0.031125
0.048264
0.011585
0.02853
0.054979
0.064473
1.2441
0.03262
0.019809
0.055823
0.076212
0.014117
0.13406
0.044896
0.016633
0.076059
0.019372
0.03329
0.048897
0.019295
1.1035
3.9109
0.06653
0.13388
0.13771
0.347
0.13536
0.072822
0.33786
0.07971
0.010513
0.13533
0.10181
0.019151
0.06653
2.1196
0.064703
0.16768
0.16677
0.10577
0.0045909
0.048883
0.016594
0.036787
0.225
0.044531
0.048571
0.048269
0.020603
4.4466
0.0057175
0.044899
0.046164
0.020463
0.22727
0.052317
0.076594
0.045349
0.075662
0.031434
0.0045933
0.052274
0.053811
0.012497
0.029109
0.10304
0.16787
0.0055523
0.21866
0.016814
0.069493
0.13321
0.031651
0.064601
0.066014
0.03675
0.93763
0.16668
0.065945
0.28007
0.056987
0.047546
0.33719
0.0061517
0.011335
0.017035
0.021444
0.021554
2.4102
0.026015
0.031092
0.066259
0.24414
0.036769
0.043144
0.020477
0.027283
0.011516
0.048147
0.14083
0.030915
2.3035
0.052078
0.0047309
0.15769
0.044555
0.33719
0.015722
0.0443
0.13155
0.0057175
0.060966
0.046209
0.0028163
0.059287
0.053811
0.038114
0.015229
0.075431
0.014752
0.052243
0.1375
0.022878
0.13068
0.0063089
0.07386
0.13533
0.05222
0.071735
0.055648
0.076006
0.057697
0.016633
0.13068
0.031292
0.14076
0.04951
0.05244
0.020603
0.21642
0.013214
0.25687
0.28083
0.010226
0.075628
0.063205
0.0059304
0.013746
0.032011
0.026483
0.021647
0.14341
0.053879
0.046349
0.24746
0.2967
0.010226
0.0027001
0.010226
0.20406
0.33375
0.0057062
0.33719
0.47678
0.0062888
0.026521
0.13068
0.090998
0.055575
0.4777
0.059684
0.02573
0.13529
0.028034
0.28014
0.054013
0.0062769
0.020482
0.062447
0.023087
0.028257
0.70838
0.011356
2.0063
0.011395
0.13313
0.12829
0.041025
0.14074
0.036798
0.09635
0.044299
0.14329
0.047905
0.023664
0.044299
0.07663
0.082906
0.024295
0.026521
0.064239
0.018159
0.13068
0.084137
0.026515
0.023972
0.022539
0.21767
0.10395
0.0062502
0.0046194
0.013345
10.12
0.0045949
0.15871
0.013718
0.053844
0.019942
0.024672
0.46545
4.4379
0.055604
1.7794
0.024981
0.060876
0.22695
0.13325
0.10394
0.023922
0.033943
0.020603
0.05874
8.0177
0.022954
0.075669
2.5995
0.036863
0.040237
0.18268
0.011675
0.064732
0.012731
0.25099
0.067224
0.029335
0.08501
2.694
0.030944
0.079184
0.0051427
0.10347
0.15909
0.11944
0.0443
0.62139
2.0182
0.019611
0.063489
0.042181
0.01368
0.03019
0.0062924
2.1293
0.073036
0.096705
0.022658
0.021688
0.044579
0.024755
0.080554
0.048169
0.051391
0.075453
0.056634
0.26355
0.025558
0.044288
0.0098805
0.1595
0.077718
0.022065
0.017498
15.9
0.044568
0.021042
0.1589
0.0063089
0.035405
0.024187
0.12335
0.046684
0.33719
0.067762
0.026241
0.25105
0.0059771
0.017398
0.35184
0.11291
0.0304
1.9677
0.36276
0.074089
2.0088
2.4156
0.023395
0.077888
0.037236
0.026521
0.10395
1.6727
0.0057175
0.015979
0.029041
0.15791
0.25094
3.2463
0.044293
2.0251
0.18905
0.050887
0.04862
0.01851
0.033521
0.083358
0.031029
0.066577
0.34394
0.13536
0.040901
1.1379
0.044371
0.13104
0.024744
0.030462
0.083215
0.083867
0.035416
0.16677
0.044661
0.052291
0.017075
0.0056945
0.33417
3.2383
0.11377
0.067764
0.0062318
0.051654
0.21592
0.70858
0.048163
0.028322
0.13068
0.013371
0.026521
0.03088
0.018967
0.13532
0.048147
0.35229
0.047708
0.060875
0.053964
0.18488
0.0027001
0.067762
0.14081
7.7772
0.076572
0.06783
0.045981
0.024178
1.5086
0.027528
0.0046244
0.023151
0.027818
0.018434
0.012001
0.019797
0.0048233
0.012702
0.037117
0.14074
0.053811
0.037126
0.33107
0.029041
0.045443
0.12285
0.02671
0.052122
0.12911
0.055974
0.05308
0.13536
0.64161
0.027199
0.0029347
0.060875
0.044299
0.029381
0.079282
0.028147
0.021781
0.052889
0.19286
0.06653
1.1137
0.06778
0.10505
0.099948
0.051862
0.045858
0.031292
0.27886
0.026521
0.21035
0.13068
0.19018
1.5596
0.0038198
0.031292
0.0036303
0.010226
0.063401
0.061356
0.024097
0.053237
0.020478
0.1232
0.044346
0.0028254
0.052274
0.026485
0.02085
0.0067483
0.064934
0.030468
0.13391
0.032546
3.6489
0.043326
2.9499
0.090587
0.051898
0.046503
2.1535
0.01984
0.2199
0.15878
0.01574
0.015394
0.052121
0.066185
0.021151
0.026492
0.59727
0.0045942
0.18995
0.082164
0.13605
0.044267
1.2545
1.1178
1.2913
0.037106
0.019232
3.6371
0.16153
0.04552
0.2033
0.031042
0.036745
0.029831
0.015062
0.30766
0.23264
0.34166
0.031983
0.033706
0.10233
0.067762
1.3774
0.04798
0.13068
0.14074
0.52922
0.014015
0.046583
0.12052
0.31286
0.012356
0.011306
0.02776
1.0795
0.004249
0.011008
0.29287
1.2911
0.088624
0.013013
0.0027001
0.095689
0.033232
0.20991
0.031247
0.33719
0.092024
0.063961
0.037094
0.079986
0.0048072
0.0057175
0.8725
2.5968
0.021064
0.10227
0.21923
0.02533
0.11346
0.029605
0.02352
0.02135
0.063707
0.0041151
0.029719
0.055765
0.05093
0.067155
0.0059696
0.020023
0.0084434
0.022611
0.026965
0.3055
0.01338
0.027053
1.0757
0.016838
0.16702
0.064647
1.6392
0.28
0.031292
0.0057175
0.014467
0.029041
0.18945
0.034105
0.095155
0.016768
2.8798
0.21502
0.066273
0.030367
0.020603
0.022118
0.0041615
0.14454
18.296
0.048842
0.4777
0.30201
0.019058
0.25219
0.020524
0.0057175
0.004801
0.044292
0.014167
0.18905
0.071811
0.014156
0.026501
0.015495
0.043213
0.015247
0.14623
0.011914
0.067762
0.079383
0.043905
0.047299
0.18998
0.0027001
0.037227
0.020765
0.048012
0.058698
0.021572
0.18929
0.0055471
0.0063089
0.13425
0.023691
0.042523
0.024629
0.048101
0.076232
0.006853
0.26283
0.03076
0.048072
0.011886
0.0057175
0.53221
0.058117
0.045867
0.036199
0.032665
0.074838
0.043596
0.16675
16.232
0.16692
0.54356
0.21043
0.07851
0.0041193
0.010228
0.33719
0.18905
0.51436
0.023665
0.30519
0.029041
0.16762
0.069883
0.015247
0.048147
0.037071
0.013111
0.21268
0.090587
0.11337
0.046594
0.006454
0.015247
0.054746
0.14316
0.021734
0.11884
0.12278
0.055756
1.2829
0.0082769
0.048827
0.28177
1.0999
0.024401
0.034944
0.0057175
0.047835
0.016633
0.0057395
0.053838
0.0092086
0.0059859
0.86468
0.021313
0.27973
0.008085
1.1371
0.015914
0.0057175
0.06973
0.037166
0.037215
0.0443
0.70868
0.0068146
0.34527
0.075628
0.012197
0.046453
0.031135
0.0063089
0.014563
0.090587
0.043336
0.11321
0.1032
0.10395
0.052135
0.027954
0.0045963
0.013549
0.047773
0.021264
0.049904
0.20331
0.22662
0.19447
0.025842
0.023658
0.10395
0.018792
0.032622
0.4777
0.22701
0.029041
0.18905
0.027869
0.015247
0.14074
1.2947
3.1699
0.027293
0.080528
0.11598
0.065109
0.059222
0.076227
0.036475
0.4777
0.007573
0.037112
2.0258
0.096532
0.097586
0.044287
0.13116
0.069536
0.03255
0.11536
0.13068
0.13857
1.2961
0.02175
0.0057175
0.3423
0.6356
0.053049
0.047336
0.044271
0.10395
0.0045842
0.0028401
0.0045748
0.053892
0.0093918
0.0443
0.050326
0.18783
0.021372
0.25968
0.90686
0.060503
0.057254
0.07826
0.014456
0.20333
0.039762
0.020686
0.01688
0.048147
0.022407
0.026886
1.2128
0.051565
0.020603
0.01375
0.18905
0.84458
0.039876
0.27896
3.8433
0.25106
0.0048202
0.028302
0.0027001
0.11031
0.044272
0.017693
0.033369
0.029056
0.047963
0.0373
0.069411
0.036625
0.35184
0.0067386
0.11592
0.078723
0.013743
0.028569
0.090587
0.11512
0.10362
0.0052014
0.057144
0.13068
0.20332
0.0067762
7.0147
0.08317
0.030719
0.069595
0.12342
0.076917
0.0063089
0.020603
0.03401
0.040265
0.036904
0.045793
0.02425
0.072739
0.027102
0.012519
0.15155
0.10266
0.023444
1.3063
0.053499
0.35396
0.0027001
0.39136
0.0070185
0.052023
0.021979
0.25102
2.1568
0.003981
0.70762
0.16704
0.25342
0.074094
0.06653
0.051792
0.013739
0.13351
0.053818
0.2292
0.053847
0.028147
0.21995
0.019787
0.044278
0.065004
0.031152
0.026042
2.9788
0.19075
0.037123
0.044668
0.053992
1.089
0.012522
0.13506
3.6442
4.8523
0.021763
0.25094
0.03266
3.3391
0.052002
1.2357
0.054118
0.15425
0.048834
0.06653
0.0028572
0.0075528
0.0041294
0.064946
0.052241
0.13502
0.067763
0.021591
3.1319
0.13068
0.33719
0.010041
0.026006
6.3413
0.028724
0.35208
0.0139
0.048064
0.012423
0.30519
0.068947
0.079343
0.021388
0.0443
0.028105
0.030888
0.046696
0.03684
1.4491
0.046433
0.021423
0.12252
1.1662
0.14075
0.33719
0.085298
0.010988
0.044143
0.02701
1.3326
0.023468
0.016633
4.9851
0.0066815
0.65023
0.16676
0.069351
0.033128
0.11402
0.052125
0.13554
0.006615
0.0064604
0.047757
0.020599
0.067762
0.045025
0.021233
0.030529
0.0067762
2.4439
0.28111
0.082421
0.13517
0.34564
0.07701
0.015247
0.013747
0.11628
0.012197
0.055444
0.3595
0.037276
0.1049
0.037174
0.13826
0.067762
0.083227
0.019469
0.075628
0.10257
0.037038
0.060993
0.0067194
1.39
0.68857
0.47702
1.292
0.067931
0.055585
0.075628
1.5719
0.034247
0.21032
0.052111
0.048891
0.015355
0.16687
0.019434
0.064521
0.11704
0.049938
0.06713
0.35184
0.016907
0.022339
0.10833
0.024429
0.14077
0.07262
0.21546
0.011635
0.018652
0.13536
0.21582
0.083168
0.25094
0.18758
2.0186
0.016601
0.046567
0.041094
0.0079916
0.2033
0.032519
0.036051
0.032655
0.27819
0.019897
0.0056789
0.024489
0.081916
0.012862
0.70913
0.052128
0.020512
0.036703
0.032422
0.0043395
0.040495
0.023666
0.0075001
0.084619
0.35184
0.25424
0.033316
0.053339
0.30381
1.2907
0.050588
0.012613
0.009776
0.0074331
0.59761
0.21026
0.012067
0.10966
0.3315
0.0060564
0.023665
1.109
0.42789
0.37881
0.071007
0.13525
0.31762
4.2797
0.15774
0.020539
0.043402
0.0041049
0.13386
0.25094
0.031739
0.069232
0.006301
0.070488
0.055694
0.052528
0.020603
0.18731
0.94102
0.045767
0.067763
0.088046
0.035207
0.24256
0.72542
0.10362
0.14629
0.060927
0.0066404
0.016633
0.0068389
0.056086
0.010133
0.0075982
0.020806
0.092675
0.056186
0.28355
0.044885
0.27905
0.020603
2.7071
0.019587
0.19433
0.032017
0.12513
0.27574
0.02628
0.048853
0.07957
0.051628
0.14074
0.16673
0.042927
0.58347
0.032095
0.0067288
0.028147
0.012045
0.023667
0.0036083
0.020731
0.046398
0.0049012
0.037132
0.043569
0.010226
0.0049592
0.023378
0.12331
0.13536
0.050928
0.020746
0.0099466
0.33719
0.060726
0.017061
0.23126
0.16764
0.18905
0.18578
0.025818
0.22862
0.02452
0.31674
0.088313
0.25106
0.026521
0.0067152
0.044262
0.29059
2.4833
0.047095
0.0066744
0.0092667
0.0057989
0.0041399
0.076212
0.019058
0.013835
0.0029675
0.028239
0.16769
0.35184
0.091056
0.064847
0.053884
0.093263
0.13343
0.0099923
0.017093
0.21033
0.065192
0.082028
0.048221
0.09635
0.020843
0.044375
0.0027522
0.037766
0.031966
0.010226
0.35184
0.044945
0.040309
0.05217
0.098381
0.0087767
0.1892
0.11372
0.18905
0.02128
2.5964
0.13068
0.040197
0.095365
0.035928
0.023198
0.70016
0.23068
0.19175
0.053857
0.0057175
0.018423
0.025678
0.84851
0.046187
0.068256
0.0042769
0.034518
0.060932
2.0122
0.15899
0.0443
0.039153
0.031292
0.02932
0.04601
0.029041
0.01705
0.15845
0.023623
0.13068
0.050917
0.025338
2.0799
0.07087
0.26823
0.19623
0.35411
0.065105
0.077671
0.11564
0.009654
0.30519
0.046489
0.015269
0.4777
0.10375
0.0057175
0.016362
0.019915
0.031292
0.37223
0.083252
3.344
1.4228
0.21711
0.0028483
0.33618
0.059625
0.057182
0.20973
0.016387
0.10791
0.020707
0.0058299
0.023547
0.016526
0.10269
0.13482
0.14805
2.6126
0.0077244
0.015296
0.029041
0.017052
0.09171
0.33663
0.040675
0.077933
0.11358
0.76886
0.053877
0.015604
0.067725
0.0030828
0.020953
0.068028
0.33719
0.033217
0.032646
0.064692
0.060991
0.020455
0.065087
0.0067441
0.02059
0.23381
0.16721
0.19222
0.035073
0.052329
0.0041028
0.19523
2.0178
0.71538
0.047314
0.20518
0.029166
0.011416
0.70853
0.18864
0.071503
0.037131
2.0208
0.016886
0.017072
0.046559
0.0027405
0.023662
3.6464
0.019017
0.24243
0.011362
0.36749
0.18959
0.11085
0.18905
0.0099678
0.51915
0.077022
0.026521
0.024998
0.068793
0.06799
0.052618
0.21391
0.13318
0.10395
0.040848
0.0661
0.028547
0.076105
0.1182
0.064426
0.12324
0.016633
0.28019
0.075571
0.0043246
0.33719
0.060875
0.044299
0.0049373
0.026481
0.067765
0.13307
0.07893
0.015462
1.0289
0.70893
0.34965
0.33457
0.026906
0.0074727
0.06524
0.10395
0.33719
0.051336
0.026736
0.052175
0.037019
0.019441
0.038223
0.35278
0.029041
0.0043377
0.083223
0.0095616
0.015614
0.28068
0.029041
0.01437
0.23462
0.016666
0.046819
0.47638
0.057988
0.35837
0.0045787
0.0048102
0.15302
0.34049
1.2872
0.026521
0.04432
0.025968
0.015941
0.052086
0.040117
0.019599
0.14882
0.016098
0.079233
0.18877
0.04455
0.025361
0.020459
0.0057175
0.029869
0.029041
0.03682
0.046438
0.031292
0.10395
0.055536
0.18905
0.045223
0.037046
2.321
0.027215
0.0045262
0.28495
0.053811
0.028147
0.065067
0.18311
0.026787
2.0341
0.47763
0.048545
0.33359
0.033415
0.047247
0.080401
3.6447
0.090042
0.075628
0.095519
0.98911
0.0051564
0.1309
0.24358
0.040226
0.044309
0.0027001
0.027752
0.14074
0.0041468
2.6817
0.016633
0.022
0.0048023
0.88575
0.052393
0.07623
0.0063635
0.16471
0.067764
0.011349
0.102
0.11225
0.031292
0.083212
0.010333
0.56265
0.019629
0.32687
0.025645
0.036762
0.033046
0.044706
0.13629
0.0441
0.014988
0.06098
0.0045912
0.076224
0.048153
0.0065775
0.071683
0.013152
0.044299
0.0031446
0.14812
0.089644
0.025222
0.02745
0.34353
0.011361
0.27466
4.5831
0.4779
0.021016
0.026746
0.067363
0.16727
0.048147
0.01843
0.030352
0.015217
0.10358
0.093711
0.30519
0.044367
0.59998
0.052061
0.033973
0.021936
0.15004
0.083236
0.015565
0.06514
0.023011
0.0062443
0.029136
0.17593
0.023661
0.029419
0.030907
0.30519
0.4777
0.30519
0.10299
0.059082
0.048823
0.031292
0.10335
0.010226
0.015008
0.037503
0.20323
0.024657
0.15904
0.029638
0.0063173
0.035159
0.027725
0.041876
0.0045383
0.053941
0.071169
0.094603
0.040383
0.051086
0.044518
0.065201
0.21135
0.026071
3.6544
0.14029
0.040534
0.22133
0.032234
0.033187
0.048147
0.4775
0.053918
0.060997
0.21021
0.27928
0.21075
0.052158
2.7931
0.0067762
0.0048029
6.0352
0.033275
0.03238
0.0079536
0.024717
0.041645
0.044748
0.10206
0.33719
0.28232
3.655
0.10395
0.076221
0.060875
0.021521
0.064463
0.031231
2.087
0.048259
0.022686
0.076987
0.047923
0.016633
0.88945
0.044279
0.079915
0.023773
0.067762
0.13536
0.16724
0.036561
0.01029
0.060875
0.016633
0.59877
0.10104
0.0071631
0.019686
0.072523
0.0050057
0.015796
0.053811
0.0027001
0.0063089
0.040774
0.041037
0.19923
0.098095
0.19123
0.12177
1.2885
0.06653
0.023671
0.026517
0.019487
0.011548
0.022209
0.036775
0.12295
0.016633
0.060875
0.06653
0.076757
0.032947
0.0027001
0.0066283
0.032639
0.13536
0.22557
0.057037
0.063326
0.043421
0.024042
0.025088
0.0071813
0.05711
0.071352
0.060909
0.60107
0.015247
0.058906
0.029041
0.020949
0.020574
0.11352
0.045456
0.013734
0.026521
0.026521
0.10433
5.4735
0.027267
0.067762
0.055671
0.096796
0.018769
3.6424
0.4777
2.6693
1.2863
0.0041351
0.084451
0.013261
5.2795
0.13874
0.015247
0.01468
2.8896
0.044715
0.01535
0.076217
0.015242
0.0041431
0.0061795
0.22756
0.13068
0.59961
0.082302
0.036714
0.052492
0.010251
0.0064653
0.012197
0.078352
0.12303
0.0057431
0.079203
0.027059
0.0063714
0.044581
0.025944
0.023865
0.035694
0.015433
0.12338
0.048147
0.12751
0.036511
0.25107
0.16777
0.15276
0.090867
1.7332
0.1529
0.018752
0.053811
0.0059483
0.065077
0.012103
0.07647
0.01044
1.9936
0.012887
0.056396
0.066337
0.06653
0.083219
0.012363
0.68178
0.037263
0.028147
0.012427
0.060942
0.025033
0.0067762
0.13526
0.11575
0.036908
0.026865
1.2322
0.012341
0.010117
0.051185
0.040449
0.25098
0.067886
0.043674
0.026169
0.012151
0.045122
0.011405
0.018444
0.091659
1.3801
0.10186
0.099466
3.5713
0.030709
0.063556
0.050875
0.0047989
0.0045927
0.0064937
0.46764
0.018351
0.016633
0.042966
0.044381
0.0052317
0.053811
0.00748
0.015201
0.090918
0.075312
0.016955
0.15065
0.18938
0.064515
0.076225
0.036814
0.052098
0.0058944
0.095213
0.23302
0.020151
0.036739
0.0081305
0.17196
0.26213
0.15463
0.017754
0.019579
0.036119
0.067762
0.0057925
0.044512
0.1138
0.28158
0.10874
0.066083
0.011132
0.0096983
0.075628
2.0953
0.056757
0.0047246
0.020904
0.30519
0.0063089
0.079501
0.067764
0.015242
0.22482
0.0040904
0.17421
0.0046379
0.1353
0.0091774
0.044359
0.3152
0.069275
0.0098514
0.33719
0.0061872
0.0066245
0.030345
3.4982
0.019058
0.05786
0.052141
0.029041
0.09635
0.045693
0.13269
0.015514
0.0048066
0.4777
0.039138
0.044122
0.04886
0.016633
0.12035
0.017098
0.017073
0.47639
0.0048122
0.048557
0.021338
0.067934
0.026328
0.014343
0.4777
0.040095
0.13527
0.09038
0.012631
0.30519
0.031192
0.06456
0.047061
0.0065679
0.4777
0.036771
0.22428
0.065339
0.077087
0.067762
0.046617
0.099697
0.077107
0.075063
0.38517
0.36482
0.090464
1.1866
0.0066568
0.011692
0.018411
0.091039
0.037147
0.013434
0.092125
2.0244
0.054194
0.07344
0.088099
0.2103
0.050945
0.012197
0.037076
0.027329
0.0061631
0.0063464
0.15859
0.16264
0.16221
0.0062791
0.096682
0.010226
0.0041942
0.029189
0.27805
0.02676
0.055717
0.056683
0.15827
0.053852
0.027724
0.029216
0.27915
0.025403
0.25156
0.021319
0.30519
0.35184
0.13536
0.20321
0.016633
0.023681
0.11349
0.029456
0.019996
0.57198
0.28463
0.013177
0.031487
0.015751
0.02695
0.025713
0.14171
0.05671
0.050884
0.0060113
0.048147
0.44276
0.073204
0.045485
0.089012
0.33583
0.0443
0.0066906
0.027801
0.11017
3.0229
1.045
0.012034
0.09635
0.041139
0.032954
0.013301
0.015206
1.3481
1.0844
0.074218
0.09635
0.022057
0.045139
0.045299
0.012018
0.048222
0.017047
0.020448
0.15465
0.019058
0.067762
0.14082
0.052274
1.0358
0.22262
0.0443
0.026106
0.011846
0.024381
0.052271
0.32548
0.041418
0.03193
0.075916
0.4777
0.0443
0.023667
0.023731
0.023665
0.06093
0.012255
2.9386
0.089336
0.090721
0.0046554
0.024583
0.22437
0.062747
0.010811
0.30519
0.0049861
0.023707
1.1244
0.2203
0.019642
0.35149
0.2103
0.018414
0.065705
0.066919
0.026498
0.026508
0.064347
0.055987
0.60463
0.020603
0.35279
0.037224
0.0064244
0.03502
2.0741
0.016633
0.23038
0.02333
0.012902
0.090587
0.021655
0.052322
0.01114
1.3685
0.011816
0.060875
0.040986
0.034862
0.022985
0.4776
0.048147
0.05387
0.01622
0.040717
0.0045824
0.030789
0.17415
0.039379
0.10395
0.0062822
0.055662
0.015247
4.0332
2.9161
0.015066
0.0057175
0.040975
0.02812
0.1563
0.16669
0.013738
0.59715
3.2011
0.03099
1.8362
0.044447
0.0034134
0.35389
0.015648
0.084806
0.048492
0.020593
1.3848
0.044846
0.078592
0.026478
0.065067
0.25094
0.035781
0.010685
0.020603
0.03273
0.064887
0.65435
0.0099824
0.028147
0.053327
0.048777
0.044299
0.0097474
0.012928
0.070173
1.7039
0.0066941
0.034913
0.049805
0.048688
0.005599
0.089555
0.075628
0.1469
0.052274
0.0067534
0.3019
0.023668
0.0052713
0.055517
0.22366
0.055938
0.012197
0.047167
0.30143
0.061
0.013966
0.29004
0.14897
0.02074
0.14281
0.25094
0.18911
0.033087
0.076952
0.12655
0.012121
0.060973
0.078388
0.1295
0.0048152
0.076228
0.2786
0.02023
0.029091
0.010305
0.08035
0.053956
0.13068
0.056197
5.0335
0.0063017
0.075954
0.25103
0.044616
0.015854
0.0056135
0.032875
0.64351
0.16717
0.014382
0.019359
0.27063
3.5292
0.041052
0.5157
2.5874
0.0063089
0.15895
0.030822
0.065323
0.21369
0.076488
0.06402
0.016037
0.13396
0.04463
0.022319
0.026495
0.033342
0.077036
0.24868
0.037163
1.0976
0.4777
0.91797
0.036978
0.061002
0.053913
0.063849
0.06653
0.019058
0.0045861
0.029041
5.1512
0.091348
0.020958
0.010226
0.35184
0.013142
0.040472
0.037245
0.020722
0.14076
0.01708
0.050864
0.013468
0.064786
0.029144
0.023387
0.067975
0.24814
0.2326
0.064857
0.020567
0.34476
0.39411
0.10298
0.13403
2.6044
0.035578
0.23323
0.096869
0.013843
0.048147
0.016633
0.0096421
1.2896
0.015632
0.79151
0.20347
0.015315
0.038229
0.018371
0.053811
0.025792
0.0063089
0.0033611
0.053811
0.043858
0.12457
0.013934
0.11489
0.11541
0.38209
0.1514
0.048147
0.027034
0.060997
0.033064
0.025131
0.053126
0.089206
0.020603
0.023267
0.25102
0.12312
0.036407
0.052274
0.023725
0.014872
0.075721
0.011583
1.4081
0.040501
0.016206
0.022585
0.22747
0.14431
0.028186
0.0056009
0.11523
0.27839
0.0057554
0.024854
0.21475
0.026513
0.019853
0.025821
0.0443
0.35779
0.0059066
0.002964
0.025272
0.037296
0.017087
0.49388
0.021137
0.03054
0.0027001
1.4662
0.065878
0.050937
0.013736
0.057741
0.024282
7.1345
1.9476
0.016411
0.12595
0.014184
0.85513
0.044788
1.19
3.6566
0.0094744
0.32579
0.091364
0.19063
0.26495
0.20327
0.12109
0.027077
0.16459
0.017085
0.16378
0.13313
0.060649
0.030377
0.067843
0.046973
0.046718
0.013531
1.229
0.21
0.025423
0.037207
0.0041254
0.26716
1.0345
0.010226
0.015246
0.13068
0.21772
0.070894
0.048451
0.027171
0.065095
0.14074
0.33719
0.15594
0.0065245
0.33719
0.01912
0.029384
0.11569
0.10532
0.044016
0.067764
0.14083
0.01272
0.043498
0.051362
18.296
0.16677
0.071119
0.011251
0.0043659
0.59673
0.032939
0.033954
0.03853
1.5108
0.071161
0.011975
18.296
0.016633
0.12322
0.13735
2.0218
0.099563
0.025942
0.0048204
0.076218
0.61816
0.25895
0.15203
0.097893
0.10342
0.01374
0.19589
0.014705
0.06653
0.015234
0.075628
0.0047076
0.027367
0.17655
0.50713
0.052168
0.060885
0.056261
0.18905
0.23162
0.0063211
0.051894
0.0048132
0.023933
0.021107
0.0057175
0.1287
0.49798
0.0060721
0.07722
0.16756
0.067764
0.18824
0.011001
0.023672
0.03071
0.12079
0.051838
0.042253
1.1693
0.076431
0.35239
0.11607
0.19265
0.07631
0.067762
0.044774
0.065092
1.4797
0.10669
0.06518
0.043966
0.18922
0.33612
0.34665
0.074579
9.6746
0.012919
0.11192
0.057599
0.024032
0.10164
0.33656
0.048463
0.0197
0.013748
7.53
0.072354
0.020266
0.0047821
0.0076143
0.17032
0.18909
0.041058
0.040864
0.20118
0.17519
0.041208
0.052229
0.13313
0.047576
1.225
0.030981
0.0057611
0.060888
0.011618
0.052713
0.092368
0.009312
0.18738
0.020192
0.0048146
0.0029948
0.013734
0.031292
0.009286
0.37144
0.059475
0.035647
0.01224
0.0061145
0.0042704
0.048147
0.032888
0.0073563
0.013872
0.1667
0.026548
0.05024
0.65846
0.13523
0.15427
0.070968
1.1542
0.35184
0.048249
0.044734
2.6008
0.13313
0.0097851
0.053887
0.027861
0.026417
0.18905
0.25094
0.029575
1.1941
2.0281
0.053811
0.11806
0.060959
0.026311
0.052093
0.090587
0.060875
0.10277
0.048147
1.0949
2.1413
0.020488
18.296
0.21001
0.020334
0.044286
0.018401
0.048595
4.3264
0.020603
0.09635
0.16689
0.0028727
0.020314
0.10309
0.076326
0.066619
0.13525
0.055451
0.10174
0.0058891
0.016941
0.37081
0.02202
0.0060082
0.2032
0.13354
0.091095
0.19702
0.15317
0.090587
3.5088
1.46
0.12469
0.010226
0.018386
0.06653
0.23499
0.052209
0.16737
0.017045
0.003267
0.01274
0.03861
0.25105
0.076226
0.05735
0.35335
0.27997
0.0045798
0.067789
0.26233
0.4222
0.30519
0.026521
0.0041167
0.052274
0.085895
0.0063329
0.065089
0.014106
0.01845
0.011357
0.13536
0.07398
0.020578
0.0087435
0.053233
0.011401
0.0045794
0.10637
0.25094
0.22826
0.012141
0.056589
0.35184
0.05617
0.061229
0.083179
0.0443
0.031994
0.25098
0.069287
0.11325
0.22156
0.039019
0.35309
0.031292
0.091147
1.0584
0.11552
0.21018
0.034541
0.029238
0.14074
0.12312
0.020543
0.030813
0.4777
0.026521
0.023663
0.027125
0.13141
0.016182
0.27108
0.0058206
0.29554
1.8152
0.015621
0.036524
0.0443
0.019727
1.1154
0.039699
0.35247
0.27972
0.094697
0.056211
0.044376
0.35373
0.38726
0.060875
0.03219
0.055707
0.13525
0.090587
0.10679
0.023661
0.0059499
0.35184
2.4634
0.16895
0.041014
0.0047891
0.0213
0.04753
0.52248
0.076461
0.95522
0.0056422
0.016633
0.043108
0.0067762
0.29102
0.1025
0.010856
0.0067023
0.0063089
0.044283
0.016633
0.064779
0.033118
0.027083
0.05211
0.067765
0.066138
0.0092482
0.02334
0.044306
0.062214
0.026922
2.2148
0.029547
0.0083599
0.08127
0.10395
0.12288
0.6058
0.090545
0.015209
0.053381
0.20334
0.012122
0.011317
0.035106
0.085554
0.071406
0.017771
0.019557
0.053811
0.36692
0.014024
0.026854
0.044299
0.029403
0.13313
0.013027
0.10395
0.036295
0.020603
0.056512
0.1412
0.014936
0.079532
0.092306
0.075628
0.018377
0.35687
0.0443
0.076433
0.060994
0.078135
0.35245
0.0028844
0.025616
0.015247
0.015247
0.067809
0.064715
0.030966
0.012197
0.070727
0.10266
0.0059391
0.36427
0.2362
0.053811
0.10265
0.0062291
0.058282
0.013089
0.044646
0.13846
0.15521
0.046755
0.018362
0.025365
0.062393
0.17839
0.30519
0.0064226
0.011232
0.043247
0.005504
0.27967
0.031013
3.6436
0.076247
0.14653
0.046673
0.053765
0.088401
0.027045
0.3771
0.049599
3.8014
1.0229
0.24477
0.02526
0.016652
1.1103
3.6492
0.077265
0.13313
0.25757
0.0072835
0.028147
0.03509
0.058766
0.032766
0.027661
0.14573
0.021292
0.030827
0.03721
0.064987
0.053951
0.026392
0.0063089
0.020602
0.10373
0.16667
0.16672
0.21971
0.22806
0.023906
0.041493
0.074708
0.13313
0.076214
0.0069125
0.076981
0.14208
0.060875
0.048962
0.045322
0.021009
0.10552
0.33719
0.25094
0.024478
0.18107
0.032745
0.021417
0.0067762
3.6397
0.0063744
0.035492
0.016633
0.076209
0.18087
0.067849
0.015205
0.031829
0.031214
0.021402
0.14379
0.75414
0.038653
0.076181
0.020374
3.6383
0.012951
0.026644
0.0252
0.012088
0.074287
0.18603
0.16607
0.0045083
2.487
0.018426
0.075794
0.048828
0.071373
0.034641
0.16672
0.14604
1.6507
0.071718
0.015226
0.026494
1.0868
0.14231
3.6453
0.019058
0.60521
0.030919
0.013199
0.053638
0.031292
0.044357
0.15661
0.021608
0.067762
0.0053901
0.0093502
0.091181
0.052428
0.076032
0.060993
0.026714
0.050979
0.11304
0.011235
0.050017
0.021364
0.15095
0.009363
0.012197
0.13208
0.19025
0.22889
18.296
0.70875
0.075737
0.075628
0.0076045
0.011392
0.14084
0.0094806
0.013171
0.067762
0.60023
0.059449
0.14468
0.30477
5.6704
0.036429
0.031053
0.020891
0.015224
0.82211
0.22925
0.0067599
0.012197
0.019511
0.025802
0.14918
0.041004
0.030693
0.023026
3.5793
0.33699
0.014212
0.049666
0.053811
0.33488
1.0802
0.029041
0.020634
0.070395
0.065096
0.029778
0.037305
0.0065925
0.13284
0.02661
0.071456
0.23598
0.063607
0.020603
2.0067
2.0133
0.037065
0.012311
0.25099
0.20859
0.044612
0.06102
0.030288
0.048166
0.1159
0.025986
0.052978
0.14508
0.052274
0.28029
0.016633
0.091582
0.06653
0.21817
0.044275
0.10395
0.018904
0.023663
0.01524
0.04819
0.72137
0.0080543
0.015801
0.056295
0.16759
0.076497
0.09635
0.0055846
0.096076
0.0063788
0.013747
0.06507
0.045893
0.020535
0.14079
0.25101
0.026511
0.011387
0.091978
0.060102
0.77303
0.0057182
0.063478
0.047877
0.35005
0.012387
1.0516
0.060988
0.16929
0.026502
0.053811
2.5861
0.053981
0.0443
2.7525
0.015836
1.5179
0.0074113
0.27902
0.13068
0.19313
0.050985
0.023541
0.00627
0.1606
0.018465
5.7662
0.022226
0.0045875
0.016827
0.37558
0.11454
0.14074
0.60291
0.013273
0.048875
0.012197
0.01846
0.023665
0.017088
0.065402
0.075964
0.053928
1.1402
0.10522
0.0063089
0.014634
0.065391
0.2809
0.026521
0.0058705
0.22222
0.064815
0.048487
0.013738
0.048274
0.025995
0.30396
0.060386
0.020726
0.05258
0.044269
2.9999
0.56514
0.01109
0.031292
0.06801
0.015639
0.020012
0.02379
0.1147
0.061002
0.10395
0.056023
0.0407
0.0033897
0.23995
0.0041816
0.28557
0.21094
0.021362
0.10736
0.030765
0.029118
0.035992
0.0061954
0.18884
0.25097
0.10395
0.072686
0.1544
0.013742
0.045742
0.013395
0.015247
0.067764
0.25576
0.16699
0.032046
0.4773
0.048178
0.10253
0.060341
0.043879
0.024347
0.021329
0.13434
0.099397
0.34887
0.040546
0.13528
0.014779
0.01569
0.14076
1.2981
0.029251
1.3965
0.0048512
3.0798
0.0443
18.296
0.036934
2.0143
0.05605
0.12403
0.02106
0.0062226
0.024832
0.0061471
0.032617
0.044325
0.034646
0.16828
0.34217
0.027545
0.01882
1.1809
0.0040464
0.23731
1.1175
0.053811
0.029041
0.040868
0.085222
0.0066841
1.2367
0.0041517
0.2102
0.067762
0.0057213
0.078553
0.042946
0.064658
0.17149
0.0094572
0.0077257
0.010641
0.14075
0.068376
0.033174
0.034587
0.011073
0.18967
0.042686
0.10136
0.13496
0.13076
0.13084
0.30298
0.0057145
0.032658
0.029041
0.11391
2.3927
0.064205
0.076211
1.1984
0.047659
0.019058
0.13536
0.010458
0.003332
0.94896
0.044826
0.0027001
0.15954
0.33719
0.7086
0.13183
0.023715
0.046266
0.062309
0.0443
0.0067762
0.76044
0.060994
0.048367
0.011368
0.15885
0.037287
0.24798
0.065084
0.078148
0.052149
0.052358
0.59896
0.36242
0.051737
0.011607
0.029041
0.019058
0.063745
0.048638
0.038715
0.044814
0.16969
0.037062
0.25351
0.020408
0.044266
9.4364
0.020603
0.034183
0.065448
0.29692
0.10994
0.096584
0.020603
0.0096771
0.060224
0.029659
0.27527
0.30519
0.044405
0.060989
0.052203
0.27858
0.20336
2.2035
0.0045622
0.14074
1.2996
0.09635
0.06653
0.11411
2.5849
0.27935
0.026669
0.072404
0.014044
0.053999
0.054811
0.0094345
0.30519
0.273
0.13313
0.1254
0.030654
0.012197
0.0053096
0.029809
0.011713
0.21544
0.13362
2.0155
0.039508
0.015247
0.062571
0.003937
2.0263
0.012218
0.011944
0.026445
0.050531
0.13164
0.71731
0.050828
0.026649
0.035465
0.016633
0.05644
0.0057175
1.0766
0.025056
0.025723
1.9175
0.029077
0.02687
0.20655
0.026521
0.051042
0.0067762
0.3802
0.013741
0.10063
0.055751
0.012197
0.052274
0.044133
0.026507
0.027836
0.02691
0.031302
0.013745
0.044504
0.034825
0.026133
0.0049204
0.020453
0.3444
0.26861
0.09635
0.0089421
0.35172
1.2205
0.10337
0.27239
0.0096151
6.0927
0.046415
0.027307
0.13281
0.052037
0.019058
0.19136
2.608
0.13331
0.034675
4.7622
1.536
0.10727
0.16678
0.024922
0.33567
0.14074
0.074487
0.044427
0.092085
0.060875
0.13173
0.4777
0.35324
0.067184
0.037268
0.10289
0.027485
0.044434
0.076364
0.052274
0.052183
0.32041
0.0045435
0.015214
0.096169
0.014499
0.014401
0.03754
0.076571
0.27508
0.018827
0.064229
0.053874
0.0039412
0.083195
0.16022
0.012588
0.13414
0.052251
0.018694
0.0051053
0.015813
0.067663
0.053811
0.090976
0.044245
0.13313
0.22995
0.053938
0.0099081
1.4044
0.92818
0.0065381
0.026333
0.21446
0.058618
0.037284
0.052364
0.083606
0.052115
2.0823
0.036075
0.13475
1.2234
0.031032
3.6511
0.47455
0.016938
0.18797
0.044299
0.021349
0.015138
0.092679
0.033679
0.064861
0.034567
0.025564
0.0067762
0.035784
0.031874
0.023095
0.16006
0.10807
0.18554
0.0038653
0.10486
0.027318
0.075236
0.028363
0.27863
0.33301
0.013784
0.06653
0.015327
0.044299
0.10057
0.11729
0.019058
0.030447
0.48711
0.051919
0.053893
0.06092
0.052458
0.0057175
0.31191
0.24453
0.27797
0.024526
0.063566
0.015845
0.13225
0.01707
0.052232
0.0064748
0.015626
0.011166
0.01673
0.029041
0.10321
0.11754
0.048844
0.032635
0.044761
0.026521
0.024532
0.060922
0.081601
0.0075148
0.0067573
0.006292
0.82484
0.034117
0.016262
0.032848
0.005777
0.046652
0.052535
0.0443
0.0067052
0.30519
0.090803
0.065051
0.025915
0.01381
0.024689
0.071206
0.017077
0.072928
0.006667
0.069092
18.296
0.053889
0.13313
0.0057175
0.044348
0.020909
0.040966
0.089308
0.071126
0.0064322
0.0027775
0.027563
0.0034402
0.030756
0.019087
5.4291
0.0063089
0.018806
0.044472
4.6637
0.081641
0.064767
1.0984
0.045655
0.10911
0.027374
0.031853
0.14955
0.030096
0.13641
0.13347
0.076823
0.032166
2.6067
0.061001
0.020561
3.7334
0.04926
0.07633
0.15265
0.019058
0.040287
2.8624
0.025182
1.5303
0.025543
0.016633
0.34935
2.6026
1.2717
0.7064
0.013956
0.02044
0.0060198
0.048794
4.1962
0.15365
2.1333
0.019776
0.82576
0.039208
0.14694
0.060875
0.16675
0.020285
7.9279
0.07621
0.056843
0.020933
0.25461
0.087659
0.075751
0.035837
0.045707
0.11408
0.029203
0.027776
0.15854
0.048878
0.053576
0.057755
0.022775
0.0040983
1.2403
0.15078
7.4237
0.0056591
0.041106
0.020828
0.27343
0.20334
0.18905
0.02381
0.019422
0.032898
0.0443
0.0096076
0.4777
0.036772
0.034224
0.048231
0.013917
0.075108
0.052084
0.27984
0.11688
0.10004
0.11992
0.019274
0.0057175
0.040604
0.0027001
0.065107
2.9867
1.0839
0.052274
0.0076182
0.22394
0.1347
1.3349
0.013074
1.284
0.072239
0.059003
0.036777
2.1457
0.030885
0.071702
0.044263
0.16673
0.048819
0.016316
0.046422
0.036208
0.10383
0.040418
0.26975
2.3506
0.22715
0.053859
0.14743
0.032925
0.031139
0.13313
0.096951
0.01705
0.080227
0.030804
0.093024
0.05141
0.047705
0.01488
0.26043
0.24533
0.091922
0.11465
0.04536
0.096487
0.026999
0.021322
0.0066696
0.065763
0.048344
0.093104
0.41497
0.075628
0.046276
3.3757
0.029041
0.35725
0.023884
0.020697
0.2715
0.0064074
0.045596
0.075628
0.0067118
0.020491
0.09635
0.11341
0.088831
0.043943
0.010006
0.064177
0.04639
0.0098734
0.0443
0.27191
0.013039
0.064592
0.0072611
0.086431
0.050107
0.052639
0.052119
0.0035867
0.052274
0.024571
0.21059
0.13068
0.011828
0.02549
0.25095
0.043085
1.1758
0.023667
0.052101
0.014027
0.10395
0.29484
0.020641
0.016788
0.06771
0.10217
0.01313
0.24203
0.01264
0.0057175
0.053811
0.020603
0.053953
0.0059872
0.044274
0.044299
0.048384
0.027229
4.1196
2.7662
0.028147
0.0048325
0.047591
0.063287
0.40839
0.70857
0.03724
0.039625
0.038146
0.044534
0.058857
0.029494
0.053932
0.016633
0.064119
0.12601
0.26448
0.14913
0.048147
0.013749
0.096573
0.031087
0.041041
0.016633
0.035801
0.10256
0.076409
0.13335
2.0267
0.06711
0.011928
0.13536
0.047243
0.04877
0.026478
0.070277
0.043389
0.24683
0.20094
0.018529
0.24896
0.075628
0.016633
0.0443
0.063646
0.090827
0.027843
0.0061272
0.014549
0.016139
0.041002
0.01721
0.045583
0.1353
0.0063903
0.027139
0.0063089
0.071543
0.0085502
1.6911
0.0066336
0.026562
0.079035
0.0053341
0.020463
0.059599
0.020052
0.010205
0.0059977
0.016923
0.43034
0.16103
0.01219
0.073971
0.065431
0.048899
0.067856
0.22518
0.0060757
0.015478
0.010226
0.030436
0.026032
0.91981
0.18905
0.016633
0.11397
0.0443
3.2195
0.19021
0.090587
0.08376
0.22709
0.10268
0.70851
0.028147
0.066808
0.014969
0.14939
0.011194
0.031016
0.006558
0.055862
0.0029399
0.09635
0.095824
0.051677
0.0067762
0.076218
0.0075086
0.10819
0.0072006
0.04654
2.7323
0.016633
0.0638
0.011031
0.060255
0.049104
0.055779
0.060875
0.051852
1.0856
0.10897
0.067762
0.2285
0.074523
0.30445
0.10395
0.13068
0.13339
0.031292
0.057376
0.011915
0.023679
3.0481
0.048208
0.13359
1.4275
0.0057175
0.012966
2.0237
0.03513
0.0048058
0.21121
0.031269
0.053855
0.030729
0.01732
1.7852
0.016852
0.044465
2.2541
0.029273
1.1144
0.18985
0.0443
0.038504
0.20338
0.035371
0.55331
0.03733
0.2511
0.04748
0.020603
0.056135
0.025487
0.14952
0.10167
0.16323
0.16352
0.036751
2.5878
0.13345
0.11786
0.055704
0.055898
0.065084
0.061
0.0041123
0.034891
0.028018
0.3065
0.27876
0.085718
0.027022
0.037088
0.020623
0.049352
0.044299
0.023216
0.043311
0.012337
0.37476
0.069793
0.052807
0.04153
0.062064
0.013796
0.048154
0.086174
0.0063045
0.30519
0.06438
0.018356
0.067765
0.020603
0.0067762
0.084244
0.013735
0.01375
0.053811
2.8985
0.042721
0.010771
0.85094
0.0048196
0.042761
0.04699
0.016845
0.0043966
0.62016
0.10477
0.060875
0.019462
0.13478
0.037608
0.019058
0.053811
0.29577
0.046116
0.067875
0.040783
0.003378
0.35616
0.0063299
0.039767
0.076219
0.030977
0.15487
0.014429
0.55067
0.03162
0.048015
0.10255
0.088523
0.015442
0.13313
0.065069
0.045262
0.044597
0.030317
0.052274
0.067901
0.85885
0.0048223
0.043192
0.024218
0.068071
0.06653
0.015587
0.081428
0.025619
0.016633
0.0063089
0.031696
0.83617
0.018613
0.13948
0.22579
0.0041014
0.031292
0.0040947
0.016633
0.080085
0.030017
0.0045803
0.35184
0.1667
0.060963
0.1142
3.6572
0.067468
0.064369
0.0042538
0.0066711
0.048409
0.06653
0.044484
0.023584
4.2699
2.6136
0.028397
0.040047
0.023722
0.19891
0.01177
0.0058523
0.071573
0.013748
0.026575
0.053812
0.006293
0.018375
0.30814
0.3519
0.030581
0.0443
0.072298
4.2308
0.13313
0.029041
0.11904
0.021024
0.0050459
0.075906
0.031266
0.0027001
0.052267
0.074618
0.054787
2.5222
0.015541
0.034145
0.048227
0.026521
0.030674
5.2419
0.040346
0.27615
0.029041
0.036542
0.10395
0.013321
0.052083
0.01139
0.10307
0.046671
0.011421
3.0563
0.25094
0.10217
0.056785
0.0063089
0.35419
0.075628
0.056066
0.15107
0.16741
0.60169
0.012197
0.06653
0.069063
0.030488
0.04336
0.23654
0.13803
0.27827
2.0162
0.020969
0.33492
0.016664
1.175
0.27162
0.10778
0.031292
1.6185
2.1599
0.70865
0.15177
0.061003
0.050393
0.045283
0.079151
0.052375
0.14074
0.03086
0.020603
0.0043812
1.2971
0.044289
0.031589
0.14769
0.055887
0.047019
0.098896
0.035476
0.17279
1.1621
0.056466
0.20324
5.5253
0.054016
0.14074
3.65
0.052274
0.15704
0.060843
0.06653
0.034375
0.040809
0.097311
0.12263
0.005711
2.5841
0.1503
2.8377
0.063928
0.18066
0.068506
0.07888
0.12083
0.01483
0.062267
0.053811
0.052089
0.076225
0.017664
0.33402
0.067763
0.034824
0.16781
0.0057738
1.7996
0.16674
0.10176
3.6944
0.020762
0.027161
0.026512
0.065086
0.15893
0.022301
0.020585
0.030742
1.1031
0.1482
0.0056249
0.045831
0.032721
0.33638
0.064672
0.010226
0.019514
0.23139
0.13536
0.0046944
0.052274
0.01374
0.065098
0.064312
0.053882
0.0323
0.06528
0.016633
0.30519
0.09635
0.076277
0.052385
0.026503
0.020449
0.034322
0.026501
0.02903
0.05099
0.036568
0.0066989
0.02345
0.023658
0.12355
0.045969
0.060997
0.33719
0.0443
0.15236
0.10395
0.21028
0.010926
0.0069574
0.10395
0.031501
0.028147
0.08318
0.052372
0.048147
0.023696
0.043804
18.296
0.18952
0.095932
0.023664
0.03051
1.0961
0.040402
0.020516
0.016457
1.2499
0.04779
0.025932
0.24627
0.066299
0.03716
0.045185
0.33719
0.043482
0.14077
0.090587
0.0041213
0.50462
0.15048
0.17737
0.0045838
0.16144
0.13313
0.021303
0.071332
1.3275
0.10224
0.20914
0.052108
0.015018
0.012779
0.014317
0.0067762
0.023625
0.1398
0.016633
0.075892
0.032631
0.0064908
0.0070909
0.006772
0.048035
1.2683
0.006286
0.18905
0.047621
0.0075356
5.9284
0.04105
0.0059276
0.032524
0.029462
0.0443
0.032087
0.18905
0.1026
0.12334
0.11323
0.0063366
0.040013
0.062691
0.44024
0.47717
0.060991
0.070548
1.4012
0.075783
0.0084355
0.0067357
0.0075888
1.943
0.02131
0.028147
0.18748
0.064223
0.013985
0.0045755
0.076484
0.060893
0.052506
0.02366
0.021613
0.10202
0.10179
0.055307
0.075628
0.87097
0.053916
0.6044
0.044238
0.13588
0.0075426
0.037042
0.06099
0.054486
0.12292
0.058419
0.017943
0.0057175
0.014304
0.35184
0.0049137
1.3877
1.2425
0.25933
0.13536
0.009491
0.052669
0.065071
0.14164
0.019314
0.02048
0.0095338
0.040593
0.023659
0.04605
0.044083
0.021964
0.019077
0.41852
3.0144
0.12683
0.1408
0.0082345
0.076803
0.024478
0.058532
0.025859
0.23837
0.027008
0.0066011
0.046945
0.032809
0.10276
0.028147
0.0053625
0.0027001
0.72845
0.090587
0.045827
0.02132
0.048838
0.33719
0.041071
0.015675
0.021228
0.18949
0.0067762
0.011758
0.0148
1.1059
0.18873
0.062875
0.066414
0.16668
0.050915
0.096716
0.0052076
0.020863
0.13923
0.0045901
0.0068783
0.067049
0.071031
0.045401
0.33798
0.14074
0.052274
0.23893
0.023668
0.021094
0.044587
0.006294
0.012083
0.023722
0.028147
0.020617
0.016633
0.016286
0.031731
0.069713
0.14267
0.0058445
0.023688
0.010226
0.1033
1.2856
0.083167
0.041306
0.13532
0.014688
1.2659
0.024567
0.055654
0.16752
0.012323
0.046741
0.28619
0.036653
0.14484
0.075628
0.10268
0.060875
0.048203
0.30002
1.8846
0.065306
0.048256
0.0063089
0.0066047
0.026572
0.057083
0.20326
0.030925
0.028419
0.035448
0.048847
0.70104
0.20342
0.010226
0.070615
0.59249
0.13352
0.13536
0.075878
0.13526
0.051977
0.15493
0.12797
0.019663
0.20161
0.065103
0.055619
0.32122
0.040438
0.061562
0.067762
0.021277
0.0073974
0.010226
0.015882
0.12307
0.009731
0.019058
0.030998
0.069543
0.0053291
0.020607
0.066667
0.046915
3.6478
0.17006
0.4777
3.6319
0.067762
0.011473
0.0067257
0.030844
0.0062611
0.069868
0.98126
0.068173
0.010226
0.25094
0.064351
0.0041097
0.034069
0.065286
0.025929
0.030221
0.04097
0.071479
0.052479
0.028751
0.015247
0.1584
0.077286
0.042382
5.866
0.021366
0.069809
0.075628
0.004144
0.016633
0.0443
0.011345
0.031639
0.032627
0.076389
0.13313
1.2297
0.046385
0.0041671
0.052096
0.067946
0.0046053
0.0046623
0.064963
0.04594
0.087875
0.034953
0.27921
0.017164
0.04288
0.037187
0.015392
0.0056156
0.075628
0.037251
0.023056
0.068547
0.019058
0.015418
0.016062
0.046298
0.070435
1.29
0.020783
0.052137
0.052109
0.016633
0.031577
0.050998
3.5482
0.030858
0.019864
0.10938
0.042343
0.031292
0.16613
0.0048873
0.14413
0.040886
0.28088
0.047222
0.0056313
0.053864
0.0079429
0.023686
0.090587
2.011
0.067762
0.14074
0.043045
0.20828
0.3428
0.027938
0.027122
0.024586
0.0057175
0.20607
0.21017
0.0046707
0.13068
0.22237
0.019058
0.044388
0.041046
0.013736
0.024126
0.11444
0.021382
0.067763
0.015697
0.0055734
0.0044319
2.5955
0.036168
0.13534
0.030869
0.026899
0.067764
0.0034638
0.013022
0.060875
0.015214
0.020642
0.026521
0.037258
0.022831
0.02683
0.14074
0.039921
0.006663
0.7871
0.020875
0.0067657
0.35296
3.6414
0.13536
3.6389
0.22722
0.051244
0.036678
0.076892
0.16684
0.050834
0.044989
0.4777
0.089907
0.13313
0.044402
0.1143
0.077657
0.058479
0.011079
0.2804
0.10395
0.0095445
0.032763
0.020476
0.0057312
0.91114
2.5639
0.06653
0.070799
0.048187
0.20326
0.25053
0.072947
0.21005
0.041098
0.60487
0.011954
0.031793
0.067763
0.013799
0.03361
0.20316
0.60353
0.0045871
0.01406
0.039567
0.0055784
0.28666
0.021327
0.059851
0.18905
0.070759
0.052904
0.10977
0.30995
0.093971
0.30519
0.02238
0.251
0.0047535
0.02583
0.015254
0.033796
0.20341
0.29916
0.028147
0.076555
0.0443
0.13038
0.0066492
0.013643
0.024262
0.032637
0.048709
0.10263
0.070337
0.07569
0.0081726
0.060883
0.050803
0.048147
0.29509
0.076964
0.026463
0.037314
0.067892
0.048239
2.0226
0.14074
0.0071491
0.20537
0.28874
0.016977
0.087109
14.59
0.13887
0.048147
0.59982
0.022694
0.13256
0.1128
0.0064123
0.052274
0.040147
0.27829
5.4054
0.20339
0.018403
0.020038
0.40132
0.70888
0.02117
0.27893
0.041332
0.13521
0.11684
3.6485
0.09635
0.0027685
1.1288
0.16744
0.13528
0.058159
0.060947
0.06094
0.035853
3.6473
0.055605
0.051052
0.040948
0.30519
0.14074
0.0065015
0.030314
0.20674
0.052189
0.032705
0.016633
3.0984
0.01187
3.7488
0.055781
0.22112
0.089467
0.18849
0.09635
0.0065504
0.036773
0.10395
0.015234
0.30519
0.25094
0.034474
0.0047747
0.01376
0.029297
0.060945
0.12881
0.016633
0.17986
0.048712
0.21678
0.067829
0.016633
1.3129
0.023361
0.046524
0.0038145
0.052103
0.21243
0.22861
0.034441
0.10345
0.21012
0.036499
0.012197
0.055556
0.048126
3.6456
0.044866
0.026521
0.20846
0.015544
0.70873
0.072024
0.031945
0.18971
0.09635
0.032701
0.0067762
0.13068
0.012978
0.022947
3.6133
2.5598
0.015247
0.079111
0.011734
0.22795
0.074755
0.013742
1.7195
0.13527
0.013626
0.020184
0.18024
0.023608
0.030337
0.031292
0.1057
3.7086
0.03197
0.0094445
0.014642
0.03055
0.15399
0.3402
0.28077
0.354
0.031958
0.035306
0.011431
0.14753
0.010226
0.067924
0.050965
0.0048216
0.18789
0.050868
1.4964
0.043744
0.14221
0.18956
0.015325
0.029499
0.044604
0.024931
0.14082
0.054673
0.17217
0.029254
0.049733
0.093329
0.028283
0.04625
0.016797
0.020527
0.28699
0.013145
0.0062621
0.06653
0.013737
0.010226
0.070133
0.34824
0.0309
0.020603
0.27035
0.036662
0.078972
0.04441
1.1603
0.01687
0.25094
0.036636
0.73566
0.036368
0.10257
0.036808
0.13326
1.9333
0.019058
0.015232
0.011934
0.0044774
0.031111
0.044045
0.026116
0.35184
0.052198
0.10395
2.6109
0.0062956
1.2987
0.055528
0.13536
0.026521
0.01839
0.067959
0.021242
0.0048083
0.30103
0.04887
0.14867
0.053845
0.16675
0.076643
0.055503
0.17548
0.078622
0.010226
0.032586
1.1256
2.6033
0.0073737
0.35259
0.071084
0.032
0.13522
0.051819
0.011376
0.031054
3.9343
0.046909
0.0063986
0.13068
0.044677
0.047042
0.032664
0.010226
0.020566
0.075628
0.1021
0.0064375
0.020753
0.25094
0.12318
0.24122
0.010226
0.015665
0.048318
0.13536
0.34112
0.086799
0.18783
0.020603
0.14074
0.15379
0.025805
1.2859
0.13313
1.1214
0.029668
0.054471
0.045626
0.0027236
0.064333
0.20476
0.12575
0.060875
0.0037333
0.010345
0.28582
0.15716
0.0067762
0.0063821
0.048175
0.0092794
0.10258
0.13068
0.11445
0.013485
0.16737
0.021213
0.4777
0.044418
0.0050312
0.037692
0.2229
0.19008
0.17911
0.032571
0.046509
0.050859
0.028855
0.060999
0.13068
0.026285
0.017058
0.8611
0.078696
0.036785
2.5465
0.0057175
0.18715
2.0216
0.0056988
0.029308
0.055469
0.33468
0.076222
0.093594
0.16986
0.03198
0.28035
0.0324
0.05635
0.027676
0.28046
0.09174
0.10953
0.020135
0.076294
0.94329
0.015759
0.067907
0.052422
2.8201
0.034058
0.012375
0.15017
0.023668
0.060914
0.19484
0.041101
18.296
0.0057175
0.2503
0.024977
0.095406
0.050142
0.046322
0.35328
16.772
0.0067753
0.14021
2.2882
0.027028
0.22776
0.35184
0.067024
0.044833
0.031292
0.15848
0.17803
0.16667
0.074918
0.092229
0.013608
0.088229
0.024562
0.25096
0.18828
0.030431
0.0061025
0.021117
0.073331
0.18766
0.0052457
0.013411
0.024779
0.044064
0.056
0.15838
0.60127
0.052039
0.050896
0.064901
0.014718
0.013456
0.29331
0.33008
0.081168
0.03676
0.1231
0.015203
0.35184
1.2526
0.068656
0.011486
0.085553
0.023366
0.16712
0.073727
0.090587
0.029978
0.030494
0.02444
0.14074
0.020505
0.43732
0.14251
0.017042
0.024396
0.025874
0.0045991
0.048916
0.063072
0.053188
0.029775
0.2096
0.053021
0.048812
0.036854
0.03462
0.18905
0.083185
0.13466
0.0064038
0.16514
0.015247
0.28011
0.036365
0.25094
0.051601
0.051456
0.072075
0.015202
0.091163
0.047622
0.27647
0.13341
4.9387
0.060904
0.065013
0.045783
0.028671
0.02598
0.13189
0.052468
0.028147
0.020509
0.11873
0.89219
0.020855
0.075804
8.6758
0.018571
0.09635
0.0063061
0.067762
0.21026
0.048261
0.012437
0.053905
0.18286
0.0040753
0.090587
0.067765
1.3093
0.03778
0.189
0.065163
0.02048
0.1089
0.069931
0.01522
0.080868
0.013747
0.031338
0.021799
0.0889
0.13536
0.23756
0.036135
0.034532
0.052274
0.10023
0.026139
0.070095
0.055094
0.033424
0.060981
0.0047955
0.046328
0.25094
0.028147
0.064445
0.20339
0.039994
0.020432
0.016965
0.27909
0.12346
0.019542
0.024417
0.2321
0.067762
0.0084919
0.036274
0.3604
0.0067106
0.042844
0.0097128
0.087607
0.12153
0.015382
0.0064415
0.031948
0.017066
1.2133
0.0057307
0.18728
0.036586
0.010226
0.097394
0.004875
0.27709
0.14078
0.015247
0.14735
0.045066
0.0075829
0.035615
0.011384
1.2481
0.14074
0.18982
0.059765
0.15674
0.064486
0.077104
0.29701
2.7234
0.2184
0.036724
0.33631
0.021206
0.0063089
0.0067762
0.4119
0.013064
0.14477
0.83444
0.015733
0.0082184
0.070686
0.043535
0.041034
0.078453
0.4777
0.032244
0.0046017
0.072143
0.055911
0.097279
0.02694
0.091231
0.10271
0.10326
0.053469
0.015211
0.01553
0.040656
0.014412
0.0074212
0.03336
0.053811
0.053896
0.017036
0.86409
1.2707
0.019817
0.060951
0.053534
0.40888
0.016633
0.12316
2.9584
0.0033038
0.29989
1.2874
0.023837
0.1419
0.0032313
0.0055435
0.0067762
0.13529
0.16679
0.13912
0.052004
0.12339
0.067762
0.1408
0.20387
0.0027001
0.048159
0.032881
0.074214
0.015247
18.231
0.0036833
2.0107
0.032618
0.025288
0.0063838
0.013831
0.096522
0.013316
2.0193
0.11929
0.090587
0.076216
0.020986
0.019182
0.0058109
0.09635
0.036739
0.10629
0.015218
0.052045
0.0063967
0.32333
0.12298
0.097933
0.075009
0.023948
0.13494
0.0067762
0.049009
0.1583
0.044317
0.027905
0.011372
1.6153
0.032022
0.024818
0.015247
1.2073
0.35184
0.13068
0.017302
0.28787
0.037004
0.14076
0.11384
0.077418
0.041692
0.10193
0.075191
0.037335
0.090751
3.1918
0.10607
0.030656
0.065364
1.9642
0.0062851
0.068205
0.067763
0.11759
0.013104
0.090587
0.054704
0.096374
0.13573
0.02597
0.33719
0.033603
0.13313
0.086001
0.036418
0.030646
0.044425
0.2034
0.77064
0.0068922
0.13377
0.018458
0.21011
0.35184
0.028147
0.034725
0.097744
0.22052
0.044299
0.07939
0.14559
0.021551
0.063375
0.027559
0.091127
0.13536
0.65813
0.18249
0.074867
0.05688
0.0065329
0.14404
0.0063089
0.73263
0.052274
0.33719
0.2839
0.040845
0.13536
0.057141
0.35082
0.034919
0.026669
0.21014
0.033009
0.053811
0.15847
0.032643
0.052274
0.039557
0.083208
0.0041513
0.021085
0.051996
0.036784
0.0443
0.092886
0.048172
0.21629
0.026306
1.0876
0.96866
0.028803
0.47665
0.016626
0.051023
0.019321
0.23419
0.27848
0.057005
0.0032905
0.02371
2.5991
0.16679
0.090587
0.053811
0.076686
0.0058376
2.6118
0.086277
0.0443
0.23352
0.57556
0.33719
0.012197
0.13353
0.0074284
0.0063667
0.0072324
0.085854
0.032641
0.090587
0.046479
0.34315
0.27758
0.020603
0.1313
0.47668
0.18944
0.019341
0.018447
0.013668
0.037146
0.016633
0.083195
0.024352
0.07623
0.044399
0.05821
0.031418
0.04653
0.21012
0.06509
0.0056087
0.071387
0.025884
0.018395
0.0063089
0.1042
0.0057175
0.040206
0.12329
0.41725
0.0063089
0.032472
0.09257
0.023674
0.34634
0.09635
0.16709
0.026489
0.091457
0.031292
0.046867
0.13328
0.057629
0.051949
0.067865
0.028681
0.064257
0.90039
0.043761
0.030679
0.024157
0.0075257
0.024496
0.14389
0.1004
0.35347
0.015223
0.4777
0.043068
0.037054
0.0067218
0.26591
0.064929
3.4215
0.13068
0.023666
0.097057
0.098209
1.1121
0.034036
0.0055899
0.065687
0.0048161
0.029041
0.013162
0.30519
0.030931
0.023699
0.063825
1.6256
0.015247
0.33719
0.02862
0.033659
0.024555
2.0117
0.86768
0.30519
0.033399
0.093051
0.63864
0.060956
0.018455
1.2936
0.34581
0.022357
0.21015
0.055798
0.0056563
0.053828
0.11385
0.010268
0.020342
0.14548
1.6016
0.25094
0.070184
0.0093696
2.0627
0.0063868
0.0094171
0.32899
0.044292
0.013237
0.036092
0.026697
0.053922
0.035227
0.035604
0.15061
0.17378
0.10395
0.01969
0.16868
0.004804
0.019034
0.064542
0.0062055
0.01137
3.1591
0.028941
0.10209
0.020603
1.5954
0.14672
0.47688
0.026956
0.090587
0.048514
0.016633
0.065258
0.0086142
0.35184
0.0058601
0.047512
0.0443
0.28063
0.065405
0.021355
0.1437
1.2596
0.064803
0.052274
0.17946
2.1037
0.019653
0.015467
0.013584
0.069999
0.077345
0.012687
0.063673
0.027926
0.0030159
0.016018
0.010735
0.051764
0.015501
0.14074
0.12209
0.040708
0.0090289
0.23091
0.048147
0.064581
0.15842
0.018388
0.10395
0.018354
0.010717
0.0070291
0.15242
0.034293
0.23469
0.012652
0.47705
2.0422
0.060961
0.10272
0.051482
0.74635
0.28934
0.065737
0.014735
0.055496
0.013283
0.028147
0.0065183
0.048894
0.10121
0.0067762
0.004301
0.0067466
0.052274
0.70841
0.036974
0.030301
0.35352
0.012535
0.011435
0.083557
0.037138
0.011428
0.052413
0.027256
0.70864
0.015247
0.034403
0.076221
0.0443
0.091802
0.30519
0.0063513
0.01391
0.065103
0.046337
0.066823
0.093243
0.032118
0.0061722
0.051284
0.030815
0.18905
0.031987
0.022791
0.035922
0.013005
0.011571
0.055225
0.020072
0.13536
0.075628
0.020605
0.053811
0.019058
0.47723
0.010093
0.10231
0.0040843
0.18388
0.037222
0.20558
0.015593
0.33719
0.10394
0.06653
0.024446
1.1959
0.1027
0.030278
0.021297
0.005306
0.13313
0.09711
0.051832
0.039359
0.29433
0.18988
0.10547
0.031162
0.065066
0.011181
0.13313
0.067764
0.065605
0.47686
0.055161
0.21003
0.0062019
0.094992
2.1127
2.6548
0.054288
0.0099312
0.015258
0.049146
0.25094
0.017356
0.027738
0.028038
0.048147
0.023321
0.032084
0.021198
0.016295
0.32169
0.16114
0.019247
3.0721
0.040249
0.25107
0.083198
0.051909
2.1706
2.0276
0.05636
0.0056834
0.33719
0.016633
0.48204
0.076344
0.10366
0.060875
0.021626
0.062484
0.013566
0.052085
0.10314
0.053695
1.5902
0.005644
0.28053
0.0067686
0.015452
0.32256
0.27017
0.049519
5.6886
0.032223
0.048235
0.03286
0.027986
0.023675
0.052274
0.015247
0.0368
0.27364
0.056861
0.13313
0.076385
0.14077
0.019058
